1.827616071941792342e+01 2.548883519984495294e+01 -5.219364716581589647e+01 1.134579441168594549e+01 -1.620821212177134374e+00 1.712632931349813870e+00 -7.615361324223835382e+00 -3.357747359976578139e+01 -6.711578112305818244e+00 -1.561689207700729831e+01 1.820053405949811909e+00 2.661273449483378073e+01 2.082639423057234751e+01
1.789674057700526077e+01 1.718377771693245393e+01 -4.174413185712889174e+01 -1.596066659627493145e+01 6.052738179487151982e+00 -1.365251319980784084e+00 -1.180792133879360861e+01 -1.748549512048678523e+01 -5.819207458422960499e+00 -1.746202964355866172e+01 -8.311296828142941351e+00 1.899503313123044634e+01 1.833475582685386129e+01
1.644678534714303453e+01 1.903264692742827435e+01 -3.751948764907978529e+01 -1.725040381685791857e+01 -6.692198368498252670e+00 -9.836359688331381079e+00 -5.939194066745222322e+00 -2.019264047612009350e+01 -1.226504958161610759e+01 -1.632737206692470266e+01 -1.471945779276945387e+01 1.759265181638119913e+01 2.199011640756344832e+01
1.570106631975102829e+01 2.385085750504212854e+01 -4.035880316096778841e+01 -1.160779228611909453e+01 -8.144466458701939138e-02 -1.947663592037877578e+01 -1.831160191450831221e+01 -1.423178215234942456e+01 -3.213230690081546825e+00 -2.663934601433352611e+01 -1.496478171631989618e+01 2.204621551615641195e+01 1.127922648701486708e+01
1.536981514214633293e+01 1.992431892424056983e+01 -3.647548103186122859e+01 -1.870257016803858718e+01 4.229610859204223416e+00 -1.291655891359459929e+01 -3.118302015655196513e+01 -2.562297109537199447e+01 4.234657914093640230e-01 -1.092447169171275867e+01 -1.383128195851836573e+01 1.787623722443942498e+01 1.480817899011245053e+01
1.475407442958730719e+01 2.514379082644330055e+01 -3.313420493630647456e+01 -2.388817265819859870e+01 6.249801211573256410e+00 -7.559098674169956844e+00 -3.281234387919376871e+01 -3.555606649346940884e+01 -6.570644006384161351e+00 -1.136031664512956230e+00 -1.025102517590304885e+01 6.607438004624674122e+00 1.677824303434709563e+01
1.423566569100435686e+01 3.137085945801074871e+01 -3.898069956547295334e+01 -2.741946539993597298e+01 6.327910260120676256e+00 -2.116689364698557441e+01 -2.078386785950323556e+01 -3.242219315016464520e+01 -1.887644120140417670e+01 -1.010013506294837349e+01 -1.548256807051771711e+00 1.408541066692543708e+01 9.575523292967485389e+00
1.395938064375843801e+01 3.062862127924002564e+01 -3.661740073773346182e+01 -2.755883486682191830e+01 7.686164391724045863e+00 -1.500501069521974173e+01 -2.310989582115739793e+01 -2.346638137666950286e+01 -1.185876953183293558e+01 -1.680165687863099322e+01 -1.364698469407016646e+01 1.652925878952725469e+01 2.030934312101782169e+01
1.331200559432469710e+01 2.722167585987491734e+01 -2.502310189926853212e+01 -2.536595654866108873e+01 4.679847999161422800e-01 -1.904693559278359061e+01 -2.189153223870124876e+01 -1.073107547740038470e+01 -1.604848192760293912e+01 -2.349620610605516902e+01 -5.796105289998821242e+00 1.303797527476307039e+01 2.118292974323391320e+01
1.775960076397503684e+01 3.874373851003843328e+01 -5.747031428553971466e+01 4.550555991927579313e+00 -2.157246042176107714e+00 -7.500627317729880339e+00 -2.371023398932499138e+00 -2.855210357688268630e+01 -2.487125458628384411e+00 -1.402460149153494839e+01 3.257214513954670654e+00 2.007796562291482090e+01 1.425054027491548325e+01
1.686241553822813088e+01 2.317114996914905944e+01 -3.769602469871325212e+01 -2.496374997815899022e+01 7.959936428846972056e+00 -3.141974082472159591e+00 -1.622529629864335377e+01 -1.292175225325993715e+01 -8.009486171081331207e+00 -1.433340600632847384e+01 -3.836040843951564305e+00 1.847630825223220796e+01 2.238576677765856004e+01
1.555339296625721879e+01 2.647786334160627675e+01 -3.486514969087699711e+01 -2.530173309270227833e+01 -4.599851911646573477e+00 -1.115645837799599072e+01 -1.025915739436515395e+01 -1.711110079994244870e+01 -1.614261800480291953e+01 -1.557756476432304460e+01 -1.174366154455258204e+01 1.446494481782519514e+01 2.531120095007088011e+01
1.473497877908610931e+01 2.597059181571372832e+01 -3.198564564007793720e+01 -2.205109531054576522e+01 2.532958268605646435e+00 -1.883547718388025771e+01 -2.475521521332741059e+01 -8.097581108781659154e+00 -8.468635611316933876e+00 -2.570368334607791994e+01 -1.019957320048778193e+01 1.715779554647174976e+01 1.519709891972868832e+01
1.432524583142379804e+01 2.807433446177999770e+01 -3.498582064806066683e+01 -2.543508328287114750e+01 6.740960351596514855e+00 -1.375410307679851840e+01 -3.412156310506512824e+01 -2.272715990255598228e+01 -2.462302573128634098e+00 -1.166502068846187434e+01 -1.106553724232820812e+01 1.499745012711719738e+01 1.699992909863027890e+01
1.380493704667684263e+01 3.182086736740808419e+01 -3.036397463336490077e+01 -3.129958001535796441e+01 8.553287155547314669e+00 -7.375997734989736543e+00 -3.597459870741687382e+01 -3.451645791359592153e+01 -6.367670521152642316e+00 -2.532110963236181789e+00 -8.982354240466445816e+00 6.928519693870470064e+00 1.683991940604500570e+01
1.849748021399685527e+01 2.595684038344744238e+01 -5.103747416450008245e+01 1.485809673457848756e+00 -8.575938242494757446e+00 -4.650477824390573112e+00 -1.569650404239834707e+00 -2.461834915925355105e+01 -6.519853627108369132e+00 -1.143020772724432454e+01 -8.813145229249206736e+00 7.800482101258726431e+00 1.378790471982899746e+01
1.781884334845677387e+01 2.398866719873085174e+01 -3.847640374240788930e+01 -1.923906707336216826e+01 3.334670918234384107e+00 3.767782576536758743e+00 -5.723645355762601028e+00 -2.069181587667303646e+01 -1.274949669517290607e+00 -6.555726648233001441e+00 -1.850345085989085803e+01 6.053805301642402270e+00 1.487485851712921558e+01
1.639091382912122441e+01 3.022398368395026580e+01 -4.129634125884128792e+01 -1.568877295472856304e+01 -1.103892265608205214e+01 -1.621485615849521977e+01 3.341448765104363172e+00 -2.194066458263771224e+01 -1.387129973059745858e+01 -5.835828859394911472e-01 -1.698862324876440155e+01 2.691167181585252699e+00 1.709237657129071764e+01
1.879181660051227709e+01 2.473670688855438016e+01 -5.367056092638790687e+01 1.069990376556676992e+01 -9.940057720363043359e+00 7.230964005133190264e-01 -9.115732077721968807e+00 -2.572586487171178860e+01 -4.183476296361158475e+00 -1.529644157880367494e+01 2.919412920216882146e+00 1.731808163864145911e+01 1.481785476160449022e+01
1.790854194719029735e+01 1.820518194338016116e+01 -4.176368021629399152e+01 -1.510846677810549643e+01 5.997819374839800766e+00 -1.809537943722865139e+00 -1.207581469127490692e+01 -1.812607944065535293e+01 -5.955450103583403099e+00 -1.775578810160686061e+01 -8.570132055128492965e+00 1.900756044075333051e+01 1.767288243921771596e+01
1.645623253536452424e+01 1.920863451124472476e+01 -3.705581161607056373e+01 -1.689521107239650632e+01 -6.247817484035365077e+00 -9.487821716211271905e+00 -5.923010315380395241e+00 -2.017213466056082538e+01 -1.220415050600751172e+01 -1.620842457273938919e+01 -1.474385285126905742e+01 1.770361272866044544e+01 2.214691846241076334e+01
1.570594791358720066e+01 2.418810970304441454e+01 -4.034430831589306621e+01 -1.133230890979757177e+01 3.718039574692512672e-01 -1.945492843884284184e+01 -1.778931601742514346e+01 -1.458493854601376327e+01 -3.033204568555160741e+00 -2.682421970100775610e+01 -1.524918279088875295e+01 2.219276427693779397e+01 1.096541983108974527e+01
1.537044855241412122e+01 2.021518028735289363e+01 -3.649776729605803638e+01 -1.849969020101848116e+01 4.413752209459092413e+00 -1.292699480522437305e+01 -3.094458333378511483e+01 -2.573324566548918924e+01 7.024542546845975455e-01 -1.106787023809539683e+01 -1.367992912003319184e+01 1.773989160010393107e+01 1.486385610201742580e+01
1.475409632988472630e+01 2.514075112560294301e+01 -3.312703807105396692e+01 -2.380996288219313683e+01 6.158406352389875771e+00 -7.353692849692376576e+00 -3.296793710756769258e+01 -3.534236224211915101e+01 -6.617808193780584602e+00 -1.382353088556416587e+00 -9.922240345458122945e+00 6.224670752872437873e+00 1.698694644973247136e+01
1.423542947270145298e+01 3.106545382828297619e+01 -3.881282618321161948e+01 -2.729461607334382123e+01 5.623990324748717740e+00 -2.016628129551967064e+01 -2.201373007254932190e+01 -3.146274586646600113e+01 -1.947757206233072225e+01 -1.003314633949765522e+01 -1.186136542586115894e+00 1.345167133646819480e+01 1.019670013647861317e+01
1.395919679912953804e+01 3.058382015334600368e+01 -3.675083877703814750e+01 -2.717203568448196549e+01 7.002747616852723844e+00 -1.419203109803714824e+01 -2.394037214754098386e+01 -2.288358434686493936e+01 -1.195551381397778634e+01 -1.733870374445908880e+01 -1.262670278849767236e+01 1.543053780087408455e+01 2.112804438187810518e+01
1.331157300076706385e+01 2.728932876564501342e+01 -2.504125105546737373e+01 -2.548341711570590817e+01 7.821621711953624656e-01 -1.952147343725812334e+01 -2.133576524873391733e+01 -1.122758070605688729e+01 -1.562507624997986966e+01 -2.389224043417594245e+01 -5.331269592163645932e+00 1.247189517384584434e+01 2.179082656866700063e+01
1.860776643675189135e+01 2.667141151212855377e+01 -2.724050693490714892e+01 -1.348098918659378143e+01 -2.648902298747184503e+01 -4.075261388332452839e+01 2.727875230755571589e+00 1.060643776865590482e+01 4.077442767401505685e-01 8.738711509606158501e+00 2.252411488414145069e+01 1.547840166429164377e+01 -1.256137006714738469e+01
1.784546386976092336e+01 2.087253506193382790e+01 -1.245859258951774073e+01 -2.168335433181552929e+01 -1.962422999391982970e+01 -2.508110700920209979e+01 -1.766773337336950789e+01 3.892509832847606877e+00 1.800325910964270903e+01 1.929349743246728721e+01 1.765309748269249113e+01 1.022904517775272382e+01 -2.313291065473600749e+00
1.684288452726815777e+01 2.791277762542662089e+01 -8.045789327775048960e+00 -2.100087585774092602e+01 -2.062588767687130087e+01 -2.318343941713630585e+01 -1.007855563153285239e+01 8.279411580094613754e+00 7.165867819769697000e+00 6.060523850627948406e+00 2.445018146739608156e+01 2.115777375694487006e+01 -8.707792886581122715e+00
1.561576810108410029e+01 2.160160272316436192e+01 -1.573989938296378277e+01 -2.296385761423009697e+01 -2.230199943884412761e+01 -3.012149267335149716e+01 -8.793986851727346732e+00 1.684503977103913996e+01 6.775743164071862168e+00 1.487913056928155120e+00 2.441003479005537002e+01 2.298789207463173767e+01 -4.821579996514413935e+00
1.431782278312884138e+01 2.769893922250467355e+01 -1.087133958191434147e+01 -1.940009793825844753e+01 -2.344674734794861948e+01 -3.148502656585116455e+01 -4.042433751320492874e+00 9.373898253364083999e+00 2.767335918764775027e+00 1.673508250085087212e+01 2.764117347301031558e+01 8.775881841358135205e+00 -1.198713435605391275e+01
1.336399167711052804e+01 2.493755809096605702e+01 -1.312067920781437813e+01 -2.988779153032868763e+01 -2.460382442458963581e+01 -2.281162307683878865e+01 -1.932755868278043687e+00 5.380392927838580697e+00 2.449827380190002124e+00 1.213054563226913629e+01 2.454278790387664344e+01 1.114225813124045672e+01 -2.655399756146803458e+00
1.249548683793734760e+01 2.349936943220943419e+01 -1.380785786685122218e+01 -2.884557295750014561e+01 -1.590046276686693894e+01 -1.557056736882337944e+01 -8.693991498329015855e+00 -1.224063307967030667e+00 3.276322056925220938e+00 1.179730137848580185e+01 2.728247916506922621e+01 1.696650798865317711e+01 -4.076483495910734334e+00
1.179166033943592318e+01 1.987208005051603621e+01 -1.132268478252728272e+01 -2.966716123447933739e+01 -2.305982418515448629e+01 -1.984632019453643537e+01 -5.615045141772021076e+00 -5.949484128463173871e-01 3.477804642399158208e+00 1.892972582044371777e+01 2.826829305569822282e+01 4.484596128475231147e+00 -6.893343331257917761e+00
1.162602209082395888e+01 2.184753496567111952e+01 -6.536665135390275161e+00 -2.858706052739593062e+01 -2.057008650100685543e+01 -2.215191966168397641e+01 -5.804515307435505811e+00 -2.429863688553937362e-01 2.355060671095093205e+00 2.327898490577218027e+01 2.459103752969857482e+01 4.285336472855711065e+00 -7.322086457138185622e+00
1.879266785108357496e+01 2.502688496343154156e+01 -5.497300490238261972e+01 1.118355658926664908e+01 -1.156314647556701836e+01 1.377361791668835211e+00 -9.228558021683422652e+00 -2.463439018083693455e+01 -3.541560948883012205e+00 -1.408551216871418177e+01 4.033172206594435316e+00 1.729512559604627597e+01 1.522647399130977952e+01
1.789431193016737254e+01 1.733845429295433505e+01 -4.173156284058726584e+01 -1.623618384262246295e+01 5.439648571092949858e+00 -2.262175048108483466e+00 -1.238740889969215786e+01 -1.755428908762674567e+01 -5.110539742640728633e+00 -1.620166610947721608e+01 -7.147606904436143438e+00 1.982513934335462125e+01 1.828342633999915989e+01
1.644545552140797895e+01 1.914090586345454170e+01 -3.757905991120257028e+01 -1.721882388995878799e+01 -6.758201092303103508e+00 -1.002276450574114008e+01 -5.906475295753381261e+00 -2.031388691754652953e+01 -1.209228672188277542e+01 -1.616491783957221884e+01 -1.462047049156155332e+01 1.777137337493805092e+01 2.185883526857681858e+01
1.570147582128320174e+01 2.381990967085286925e+01 -4.026645036161819746e+01 -1.162036721084789370e+01 -2.680756649074713879e-02 -1.934837718425301034e+01 -1.838825191285273775e+01 -1.400012222946009999e+01 -3.463686862072526296e+00 -2.635894279448920230e+01 -1.528962947392169269e+01 2.231468066863860855e+01 1.103876856047461530e+01
1.536975647629049213e+01 1.999717048226530380e+01 -3.651082433801985161e+01 -1.866434959996717780e+01 4.320861715149185045e+00 -1.294099253495907220e+01 -3.101672647072626887e+01 -2.570015745370998417e+01 4.916649484711750340e-01 -1.098378496858142128e+01 -1.390112291518508414e+01 1.790392925908742683e+01 1.476153607168032877e+01
1.475412895747187392e+01 2.517785043066908912e+01 -3.309118390715734392e+01 -2.399437983246285455e+01 6.396853523287566290e+00 -7.549214174737886474e+00 -3.287350826956196670e+01 -3.537273727663327350e+01 -6.714550453004462405e+00 -1.165573108685679760e+00 -1.007931869183386731e+01 6.223453587180038937e+00 1.723132979571915868e+01
1.423582567051030878e+01 3.120661158945543079e+01 -3.882679252673564463e+01 -2.738025067193025208e+01 5.881905205737011144e+00 -2.020453288534990222e+01 -2.219524202231932364e+01 -3.086217153401923952e+01 -2.019323179682455915e+01 -9.320358102361085528e+00 -1.675303713031136343e+00 1.371684554299993408e+01 1.018251385541965526e+01
1.395934905391446534e+01 3.054282020210135684e+01 -3.654196879743045656e+01 -2.755186048285405320e+01 7.477711760791978080e+00 -1.452534023579714528e+01 -2.391364473761273857e+01 -2.253208568706014248e+01 -1.263157388145158677e+01 -1.646358411973791291e+01 -1.340001521665998574e+01 1.592249435733558371e+01 2.101603976815816921e+01
1.331202658739761269e+01 2.736555417178989202e+01 -2.520353676000213738e+01 -2.525946685543239312e+01 4.988146301499775115e-01 -1.928346091465661516e+01 -2.152462214139008978e+01 -1.111327298378418682e+01 -1.576680588329808685e+01 -2.367424135231755145e+01 -5.727772552089972713e+00 1.304373414200111370e+01 2.118062019381938654e+01
1.775959413946605281e+01 3.873259020692893273e+01 -5.746168332409165913e+01 4.554786909313611964e+00 -2.181724119690408692e+00 -7.450773253175140276e+00 -2.446541728006030425e+00 -2.845667075692860948e+01 -2.589886892383111761e+00 -1.393938235758290567e+01 3.215409330644001695e+00 2.005902785116073517e+01 1.433329018111237119e+01
1.686241559493571884e+01 2.317174970259264200e+01 -3.769693119434100481e+01 -2.496260052654618633e+01 7.957629906401661124e+00 -3.137706117054705590e+00 -1.623096195545459963e+01 -1.291731568340563996e+01 -8.011227452302948748e+00 -1.433294164078012223e+01 -3.838454144416659553e+00 1.848171525384510971e+01 2.238046735953379240e+01
1.555339277452301161e+01 2.646899364847961422e+01 -3.485313770487920237e+01 -2.531595849945857069e+01 -4.580487661624934148e+00 -1.118795908809224393e+01 -1.021075954199122826e+01 -1.717142174479765160e+01 -1.608804973515965031e+01 -1.560307209803970707e+01 -1.175807040879695187e+01 1.450335173785756027e+01 2.528631378588346124e+01
1.473497622250600614e+01 2.596811977982229891e+01 -3.198593610640022789e+01 -2.204598721543510464e+01 2.526770575914871308e+00 -1.883441979997822102e+01 -2.475018330857638915e+01 -8.102813379428276619e+00 -8.469489625563689117e+00 -2.569680522434824255e+01 -1.020781310836472500e+01 1.716123903592636779e+01 1.519958535301068281e+01
1.432521832691251085e+01 2.807403990827739904e+01 -3.498566551004187630e+01 -2.543482173269657665e+01 6.741961319784837592e+00 -1.375692655077635962e+01 -3.411700333273691399e+01 -2.273095949039342401e+01 -2.461203180126023682e+00 -1.166438095896006111e+01 -1.106441469822241785e+01 1.499323046992799213e+01 1.700804448036004501e+01
1.380493704667684263e+01 3.182086736740808419e+01 -3.036397463336490077e+01 -3.129958001535796441e+01 8.553287155547314669e+00 -7.375997734989736543e+00 -3.597459870741687382e+01 -3.451645791359592153e+01 -6.367670521152642316e+00 -2.532110963236181789e+00 -8.982354240466445816e+00 6.928519693870470064e+00 1.683991940604500570e+01
1.849748470550687429e+01 2.595981484825640706e+01 -5.104038723368307728e+01 1.486446159518496790e+00 -8.572698330470938544e+00 -4.657413171878380886e+00 -1.560289823207382298e+00 -2.462764932165636012e+01 -6.512503570592342861e+00 -1.143459835695953508e+01 -8.810544420445598490e+00 7.797884396241667737e+00 1.379229294578382081e+01
1.781884432550469910e+01 2.398859586211204231e+01 -3.847679840789658101e+01 -1.923861740498799122e+01 3.334840341007626829e+00 3.766250751608181790e+00 -5.721491439224365649e+00 -2.069408589423088429e+01 -1.273878347634960884e+00 -6.556452780004433656e+00 -1.850383400023474678e+01 6.054824445516890030e+00 1.487329103939687691e+01
1.639092005507347949e+01 3.021951488265960251e+01 -4.128983432714048973e+01 -1.569737931672417020e+01 -1.102858074528456633e+01 -1.622459494689586990e+01 3.347022032673290237e+00 -2.194111444286233237e+01 -1.387467802571740449e+01 -5.785457647268860137e-01 -1.699381191743459851e+01 2.694617428897014833e+00 1.709214827144313986e+01
1.879180899314539488e+01 2.472003677467332494e+01 -5.364650988691733602e+01 1.067423197037839699e+01 -9.916639820717419340e+00 7.090643489205508132e-01 -9.115376710627046464e+00 -2.571135588502287206e+01 -4.213084380970983034e+00 -1.525900654323678474e+01 2.882566305641745874e+00 1.734379812842477264e+01 1.480926682540936312e+01
1.790854205281718947e+01 1.820691512889680652e+01 -4.176502927556352773e+01 -1.510972674883125677e+01 6.003054040386462731e+00 -1.816615260736401671e+00 -1.207046207090293422e+01 -1.812556738676108736e+01 -5.961768638539536980e+00 -1.774601144051660739e+01 -8.579617245054786068e+00 1.901319359386378238e+01 1.767261926037644670e+01
1.645622997843143054e+01 1.920904217607352749e+01 -3.705643756774292541e+01 -1.689482419671600866e+01 -6.247543783502809589e+00 -9.487833546797087791e+00 -5.923561041895218260e+00 -2.017133508124109653e+01 -1.220445594900309061e+01 -1.620729252127312492e+01 -1.474623465516581611e+01 1.770883536943543390e+01 2.214217988494915090e+01
1.570593728267600930e+01 2.419030308240144933e+01 -4.034756909287928295e+01 -1.132785001583243023e+01 3.654605476712933232e-01 -1.944964563467308594e+01 -1.779141529809715649e+01 -1.458851163731886302e+01 -3.025270487709667222e+00 -2.683069507674474963e+01 -1.524806843421396252e+01 2.219752164942142869e+01 1.096048781210959611e+01
1.537044192253515718e+01 2.021345844225751165e+01 -3.649626289451902750e+01 -1.850005600440956854e+01 4.412796719582741112e+00 -1.292477997898745201e+01 -3.094769517787405988e+01 -2.573001113232032822e+01 7.001193344168946675e-01 -1.106892329562162658e+01 -1.367574098620590028e+01 1.773658011130936529e+01 1.486322084508610963e+01
1.475409632988472630e+01 2.514075112560294301e+01 -3.312703807105396692e+01 -2.380996288219313683e+01 6.158406352389875771e+00 -7.353692849692376576e+00 -3.296793710756769258e+01 -3.534236224211915101e+01 -6.617808193780584602e+00 -1.382353088556416587e+00 -9.922240345458122945e+00 6.224670752872437873e+00 1.698694644973247136e+01
1.423542933495627594e+01 3.109283975036966652e+01 -3.883500540763271403e+01 -2.730685953055492377e+01 5.688170017952476343e+00 -2.027475748219284313e+01 -2.189932880696482087e+01 -3.153272337751075938e+01 -1.949091151477148998e+01 -9.928560519746692847e+00 -1.355118642231306403e+00 1.363721489716482260e+01 1.003434895970977081e+01
1.395919679912953804e+01 3.058382015334600368e+01 -3.675083877703814750e+01 -2.717203568448196549e+01 7.002747616852723844e+00 -1.419203109803714824e+01 -2.394037214754098386e+01 -2.288358434686493936e+01 -1.195551381397778634e+01 -1.733870374445908880e+01 -1.262670278849767236e+01 1.543053780087408455e+01 2.112804438187810518e+01
1.331157300076706385e+01 2.728932876564501342e+01 -2.504125105546737373e+01 -2.548341711570590817e+01 7.821621711953624656e-01 -1.952147343725812334e+01 -2.133576524873391733e+01 -1.122758070605688729e+01 -1.562507624997986966e+01 -2.389224043417594245e+01 -5.331269592163645932e+00 1.247189517384584434e+01 2.179082656866700063e+01
1.860777111428499708e+01 2.667334950703068941e+01 -2.724140480192362546e+01 -1.348166679665451007e+01 -2.648701607398963631e+01 -4.075224985609723660e+01 2.723060864317686569e+00 1.061721282530177390e+01 3.950170222105902629e-01 8.746130560096135653e+00 2.252516708295657821e+01 1.547211771517996759e+01 -1.255711622846616571e+01
1.784546038066569551e+01 2.087253613277658459e+01 -1.245743876524713123e+01 -2.168444646806510789e+01 -1.962526506187451858e+01 -2.507847593208120074e+01 -1.766864517545780089e+01 3.889720065839828766e+00 1.800670656165775085e+01 1.929328577998981231e+01 1.765185214019043514e+01 1.022905950163496946e+01 -2.311443735692535473e+00
1.684288578570417272e+01 2.791256275066884029e+01 -8.046715861194321917e+00 -2.099885216571157187e+01 -2.062643955293827958e+01 -2.318639753118603863e+01 -1.007358724187964505e+01 8.275101261056709845e+00 7.168607914113433566e+00 6.058812775928497096e+00 2.445177088097826967e+01 2.115593841930527574e+01 -8.705821921897832993e+00
1.561576921353795910e+01 2.160157115997286326e+01 -1.573905574741326241e+01 -2.296452482701864994e+01 -2.230181850061249094e+01 -3.012211638424751925e+01 -8.793475971875363228e+00 1.684618072920845577e+01 6.773927949071389953e+00 1.489092029625115110e+00 2.440937827434241569e+01 2.298888343157508984e+01 -4.823109751698572367e+00
1.431782583757165028e+01 2.770879366344515304e+01 -1.088470167884536188e+01 -1.938770207393212175e+01 -2.344913912619350072e+01 -3.150115083041811204e+01 -4.012811989785651789e+00 9.344919232567336920e+00 2.794481219878725664e+00 1.669734831497811456e+01 2.769048696534771992e+01 8.729930164464452247e+00 -1.195490452180979446e+01
1.336399167711052804e+01 2.493755809096605702e+01 -1.312067920781437813e+01 -2.988779153032868763e+01 -2.460382442458963581e+01 -2.281162307683878865e+01 -1.932755868278043687e+00 5.380392927838580697e+00 2.449827380190002124e+00 1.213054563226913629e+01 2.454278790387664344e+01 1.114225813124045672e+01 -2.655399756146803458e+00
1.249547146361047822e+01 2.348672218858323291e+01 -1.378364329046168635e+01 -2.887282222807749221e+01 -1.589062100026592894e+01 -1.555287213127337509e+01 -8.734405139744415791e+00 -1.174021757888840112e+00 3.225759829832576031e+00 1.185391486070302491e+01 2.722059835539512918e+01 1.700413045827538028e+01 -4.093929059421070882e+00
1.179166033943592318e+01 1.987208005051603621e+01 -1.132268478252728272e+01 -2.966716123447933739e+01 -2.305982418515448629e+01 -1.984632019453643537e+01 -5.615045141772021076e+00 -5.949484128463173871e-01 3.477804642399158208e+00 1.892972582044371777e+01 2.826829305569822282e+01 4.484596128475231147e+00 -6.893343331257917761e+00
1.162602209082395888e+01 2.184753496567111952e+01 -6.536665135390275161e+00 -2.858706052739593062e+01 -2.057008650100685543e+01 -2.215191966168397641e+01 -5.804515307435505811e+00 -2.429863688553937362e-01 2.355060671095093205e+00 2.327898490577218027e+01 2.459103752969857482e+01 4.285336472855711065e+00 -7.322086457138185622e+00
1.157857872812213706e+01 2.227980987246470335e+01 -3.674337319922932554e+00 -3.920189826953989609e+01 -3.164180878951702880e+01 -2.099986112423981766e+01 4.082857164405853112e+00 6.288531771231560263e+00 1.651072516441895344e+00 1.080470562188296491e+01 2.142455535036566872e+01 1.091261665485647292e+01 3.875464066905949245e+00
9.690290376545945605e+00 1.616287606731088999e+01 5.830663318630548098e+00 -3.754135086233463880e+01 -2.697647115992782929e+01 -1.478806571423251448e+01 -3.638639313134512498e+00 3.599186800309360112e+00 8.098415421900877931e+00 9.945889447354099744e+00 1.647220021802873902e+01 1.426182622264596134e+01 6.041639348446952162e+00
7.472715224615657625e+00 2.931423882830324512e+00 3.661099095913264101e+00 -3.178553144291954169e+01 -2.746952114062067807e+01 -1.858535173927159789e+01 -7.384509080769752210e+00 -4.602775175453342804e+00 9.474310215495423293e+00 1.887665122168574428e+01 2.338456514603292291e+01 9.664007900089565339e+00 -4.782743127835946240e+00
5.491056650168551378e+00 -8.829641801757427189e+00 1.137839460604116226e+01 -2.135603674313516365e+01 -1.676830756755140683e+01 -1.836882715448096093e+01 -1.277377284971200488e+01 -5.420847374903179805e+00 1.209539687057451118e+01 3.013235997149897827e+01 2.213122205656750907e+01 5.583127880154756362e+00 -7.129357619754872033e+00
4.645213677608007075e+00 -1.991678658278932446e+01 9.432013623587504725e+00 -1.301232828393410834e+01 -2.728927217492346813e+01 -1.959747146164992770e+01 -1.147239164896160091e+01 1.651777488464300170e+00 1.484575856551060191e+01 2.849286000786246476e+01 2.162943478650035090e+01 1.063784598564706130e+01 -7.447579185267517055e+00
4.119096087222705371e+00 -2.395824742066236368e+01 6.120471824486821255e+00 -2.052521891327164560e+00 -2.872993801754545728e+01 -3.280842360681517533e+01 -2.619798751221957822e+00 6.677158931760621030e+00 2.306520808209340601e+01 2.875515551272077630e+01 1.574548117941476555e+01 1.829037590358515075e+01 -5.170581302565740778e+00
1.864289197167135725e+01 4.155671793308255246e+01 -5.076488098609996769e+01 5.174111068802936586e+00 -2.022220829598458280e+01 -1.278784281132979039e+01 8.403798070751792082e+00 1.053988434482305792e+01 -8.374872533444241540e+00 -5.937438435567793382e-01 -3.131044586408941566e+00 -9.448328742947882830e+00 1.009520057026918138e+01
1.825676953412605386e+01 3.613976706899880753e+01 -3.874190870539562326e+01 -2.009305586157866941e+01 -4.623328579741212252e+00 -2.068429945897956301e+01 -2.419929897210723269e+00 -1.014583896821348308e+00 -6.523868958367888382e+00 -7.807102009366194473e+00 -2.188752000067541914e+01 -8.758082894495831994e+00 8.136581140318785543e+00
1.760285034678622296e+01 3.836241468077965777e+01 -3.307877993473828582e+01 -2.583306379677631526e+01 -7.441387376399459797e+00 -2.005578761275313937e+01 -7.196770830303057309e+00 -2.519051121252235514e+00 -1.266967016432501936e+01 -1.449333230659502014e+01 -1.812514017880605266e+01 -7.342719487016355906e+00 7.958420603206005417e+00
1.811663950918978472e+01 3.400657575023752344e+01 -2.735194309883375041e+01 -1.937699870685751691e+01 -5.398086149413175328e+00 -1.990419224867177306e+01 2.480254031901716782e+00 9.328470768240265443e+00 -5.562039283995036776e+00 1.432397960628957412e+00 -1.911046794218054012e+00 -1.067172209754284040e+01 -3.292801523328127700e-01
1.756225806417545598e+01 3.696282864107839572e+01 -2.822391379591971017e+01 -2.897214564158839423e+01 -4.551446021539899967e+00 -1.414796051569145696e+01 -1.000347819922648185e+01 2.223969607731485776e-01 -2.809231109627027934e+00 -1.129326726183387919e+01 -2.089280842073193512e+01 -1.257483561863672961e+01 3.140987011201645807e+00
1.690072203246255000e+01 4.255036524312847490e+01 -2.754106149643536838e+01 -3.076395868823949087e+01 -7.678633888106375593e+00 -1.530921609698517116e+01 -9.019051880173888591e+00 -1.661236450072629323e+00 -1.061017822962932833e+01 -1.740951350004730003e+01 -1.798392310069062106e+01 -7.236144686614899513e+00 5.163377340633214629e+00
1.855943265825849764e+01 2.804379649055107393e+01 -4.966129773748660625e+01 8.268058473158662602e-01 -1.163853585112740952e+01 -8.043525375104492170e+00 -3.454767202412562188e+00 -2.360261699311858763e+01 -3.128246595153435283e+00 -7.475798993590512254e+00 -6.592573027732342439e+00 7.142643837209423197e+00 9.621787218073858838e+00
1.783953190614736428e+01 2.305989698351195827e+01 -3.613417705243720945e+01 -2.101686076274366144e+01 1.830860080912140031e+00 1.776050493088308313e+00 -8.349910415600442448e+00 -1.980193161587453332e+01 -2.924686292632115436e-01 -3.894405263239464343e+00 -1.562129113225305233e+01 6.236592561110912314e+00 1.359855011097186939e+01
1.640416499018254726e+01 3.124686895307409529e+01 -4.200985512403329381e+01 -1.503538647331895284e+01 -1.154935619970177818e+01 -1.663900532307239288e+01 3.615258788155629954e+00 -2.213787921531347891e+01 -1.333192442031945468e+01 7.417503111793487432e-03 -1.646418762364684341e+01 2.996843562724469390e+00 1.659291082392138250e+01
1.558555568468499608e+01 2.958254859716017293e+01 -3.527647626599375030e+01 -1.344307294653548013e+01 -1.765649112341690863e+00 -2.053701375196295587e+01 -1.577142474209302669e+01 -9.780755664618016709e+00 1.565371455479579454e+00 -1.503918630468425555e+01 -2.088843853715475518e+01 7.855676016423180918e+00 1.362965132550004022e+01
1.518710935056069466e+01 2.563437158808729421e+01 -3.087740512977382323e+01 -1.880367142463167696e+01 4.518905385871323510e+00 -4.925107176417799160e+00 -2.325327127216085898e+01 -2.898537493716887425e+01 -8.193161713025113313e-01 -4.928625695789964567e+00 -2.071940097062999442e+01 1.074006436045548085e+01 1.611747115961775378e+01
1.468771711389592660e+01 3.495220802600627508e+01 -3.459251346311542363e+01 -1.847170053967320769e+01 8.388983341718789788e+00 -5.174594596339706420e+00 -1.390097062220870328e+01 -3.856516435146572519e+01 -1.033508429361699044e+01 5.526937703093216747e+00 -1.590597667369403112e+01 1.191076966089608558e+00 1.560850071749704782e+01
1.848869798978918766e+01 2.631642804281170811e+01 -5.160445402301147055e+01 2.214162053142373132e+00 -9.160126142502887703e+00 -4.538210809025479797e+00 -1.132270632059554361e+00 -2.284409215428066631e+01 -3.991590144606353974e+00 -1.023209836222756941e+01 -9.599208580671087176e+00 5.289357782798346008e+00 1.203104193914044195e+01
1.778532367174141982e+01 2.342781852424917943e+01 -3.943885025347321260e+01 -1.888367693132149583e+01 4.041051242662437204e+00 4.659191951139565191e+00 -4.277200217910087865e+00 -1.932714936441619713e+01 -4.354603559301070681e-01 -6.317051825417824062e+00 -1.891214922839895252e+01 5.564039137359221954e+00 1.457338694260812240e+01
1.635403359831617109e+01 3.055887716375062624e+01 -4.240713003997006325e+01 -1.515594188962656830e+01 -1.083099450220667315e+01 -1.539236264291086442e+01 4.553609892817500615e+00 -2.111209821207545900e+01 -1.406568403837854575e+01 -1.417231158990602258e-01 -1.681849938746043804e+01 3.697384547641098251e+00 1.647862145379838594e+01
1.555388739220954264e+01 2.979504042587818091e+01 -3.689654234655898790e+01 -1.342516722426818099e+01 -1.737069977221924688e+00 -2.077387536378899213e+01 -1.446530182180581292e+01 -1.060845004895693400e+01 1.219990982465963603e+00 -1.551940053010751974e+01 -2.173929744375665152e+01 8.662012056887451905e+00 1.362098126779358509e+01
1.517925026901173702e+01 2.526185884737711618e+01 -3.110799923933200972e+01 -1.906431979721567060e+01 4.513873642631407002e+00 -4.961814441610698623e+00 -2.306082655685293759e+01 -2.915189698724633871e+01 -9.147465908592053996e-01 -5.333581313664463863e+00 -2.081042112494058216e+01 1.067075421163144888e+01 1.617422242211063121e+01
1.468831831187244852e+01 3.493576527216143290e+01 -3.470445159301620208e+01 -1.837134905149169128e+01 8.343583554187382845e+00 -5.299930516633825306e+00 -1.346107193651503842e+01 -3.914651818261079796e+01 -9.661977442670645289e+00 5.318014379284779380e+00 -1.582507588279566590e+01 1.557537071296014597e+00 1.518198213006602870e+01
1.420138267927264586e+01 2.838082056404345010e+01 -2.586983934265817453e+01 -2.559086590534262484e+01 1.397355893399383042e+00 1.486280852785643924e+00 -1.444368437617124634e+01 -3.753183080091953627e+01 -2.409814584191233777e+01 -2.484715244037082882e-01 -3.839723342542713524e+00 3.485203774668469201e+00 1.541480898306217817e+01
1.384029614991146140e+01 2.621747418848819322e+01 -2.526595343545390904e+01 -2.846872898986363865e+01 2.278185710691128296e+00 -1.822459298370706859e+00 -1.995677236047489700e+01 -2.499906436103961838e+01 -1.884269751012834249e+01 -1.521124379260482762e+01 -6.946628280373987607e+00 6.294275449956368895e+00 1.228845691501532400e+01
1.353344906588258212e+01 2.520252488753823172e+01 -2.683117787784483355e+01 -3.265168067481534564e+01 -4.647877743932014916e+00 -9.706734090591028874e+00 -2.493327756774194270e+01 -2.703310100638667635e+01 -1.628042104536488210e+01 -1.207900096398804024e+01 -1.521625763506360585e+01 -1.092528132440340860e+00 1.615639427146210494e+01
1.777013538182641028e+01 3.815348878038010128e+01 -5.676346764975109949e+01 3.595836897325546566e+00 -1.840041100570291910e+00 -7.606028384683336085e+00 -3.670836796118547962e+00 -2.739345365560011913e+01 -3.121760291064909598e+00 -1.176003344730096778e+01 2.279187569388811507e+00 2.082348187792173633e+01 1.375686213709895078e+01
1.684534477754404946e+01 2.232961441470618880e+01 -3.813160847294231814e+01 -2.524173788512320016e+01 8.000175148492457922e+00 -2.412830156074751820e+00 -1.603662027002398460e+01 -1.262725822941190401e+01 -7.324704433050388985e+00 -1.299982647417682102e+01 -2.658073989936909243e+00 1.913273810671947928e+01 2.288964939120373288e+01
1.552619126565721608e+01 2.584059921194027609e+01 -3.583005621602351454e+01 -2.589895471328375010e+01 -4.324518248639062534e+00 -1.120021171080409239e+01 -1.014765967917580092e+01 -1.696379395774137322e+01 -1.568972324057354051e+01 -1.572087031092043041e+01 -1.163480147140404064e+01 1.434040462308979968e+01 2.527188499886902306e+01
1.842005012641716988e+01 1.846175586963755677e+01 -4.879212151176372458e+01 2.609968804282957677e+01 -2.805373137298991537e+01 -1.034634233978211348e+01 -9.329716704946223516e+00 4.835083954103170711e+00 3.084100546651131758e+00 -1.485260267387887900e+01 -3.811903953735493733e+00 5.762456936737235802e-01 1.499952220003250147e+01
1.778367739387466528e+01 2.306235411893224097e+01 -4.574709918974124179e+01 -9.197293183349950496e+00 -1.029399861697135421e+01 -2.939761335995683211e+01 -1.354086421316677402e+01 3.884832902957842116e+00 1.357797980432731499e+01 -2.087255899518262403e+00 -1.671123736835249574e+01 4.842607903146684656e+00 3.877436735762327658e+01
1.684854581861357659e+01 1.798178537787719833e+01 -3.945602017720283072e+01 -1.701065805676706333e+01 -8.996719535934129652e+00 -2.430395067112864638e+01 -6.619318763030064723e+00 1.673010439879360156e+00 1.474537391029111966e+01 1.285037422298587373e+01 -2.179295199017553486e+01 -2.491978706996244242e+00 4.743719438520692222e+01
1.523522221566546264e+01 1.951348565966543092e+01 -3.305827714702985531e+01 -2.038488832591258415e+01 -9.463166807076309084e+00 -1.791208532887799620e+01 -2.775834793165763870e+00 -4.163217156200713642e-01 2.054378343810447927e+00 2.851729020158812467e-01 -1.239206850296982054e+01 9.137578064535947675e+00 3.554002568186280087e+01
1.441776084383348966e+01 1.327026660881479714e+01 -4.354468319717179270e+01 -1.398969958130474645e+01 -1.117817850540506264e+01 -2.815863467252692232e+01 4.168434893121518159e-01 -2.663940237665753941e+00 -2.235558942417934958e+00 1.081984635938570172e+01 -1.474728398477690483e+01 -2.791162373139347785e+00 4.133747158381596876e+01
1.442726137751502691e+01 2.448822562291575977e+01 -4.305713562200194389e+01 -1.033481499616519805e+01 -1.051161676705449821e+01 -3.847717663443318514e+01 2.474210495485098704e+01 8.499147040160780264e+00 1.197961807076590279e+00 1.616052065163777840e+01 -2.953742739028738384e+01 -1.933776973418720146e+01 4.045032897529188887e+01
1.415194437986229303e+01 2.558640140036816035e+01 -2.910041577063064366e+01 -1.372009364810391574e+01 -1.834075934570801536e+01 -3.459503761894828244e+01 2.691600403098999195e+01 2.154355343717134375e+01 7.700704359739762417e+00 -5.399600790032990538e+00 -3.210666994892353188e+01 -6.427530842721046689e+00 3.699974147442147654e+01
1.338820775315513778e+01 1.855900193002666043e+01 -3.786536471525800351e+01 -2.321633436102361969e+01 -1.002600748654607621e+01 -2.862075277780342475e+01 2.232245656557084956e+01 1.564703943104871087e+01 -5.361469831509000805e+00 2.998043375361282514e+00 -2.029366189135006948e+01 -5.580326632443429524e+00 4.161602885366113469e+01
1.187220875719471458e+01 9.017504524361214635e+00 -3.821112783093921905e+01 -2.457401095148140513e+01 -1.415996425096252231e+01 -2.154594860277752844e+01 1.358775013374658691e+01 8.985565593954939478e-01 -9.156591923953197210e+00 1.281344650417837183e+00 -1.216661123306425374e+01 1.269668465214857322e+00 3.790662893051385396e+01
9.628591736957627489e+00 8.677271025277891070e+00 -2.895992722166405287e+01 -1.870402578509919067e+01 6.014100340513700793e+00 -3.142247376259464176e+01 4.136890087251978709e-01 8.710438396629953672e+00 -2.532524734422026746e+00 -3.095629195096804231e+00 -7.172607607077984504e+00 1.587722334629589582e+01 3.814047792785630975e+01
1.078061266336617940e+01 7.153165614109444626e+00 -3.254018895884900076e+01 -3.685213019200445927e+01 -1.655493093858470033e+01 -2.023560783335286217e+01 2.483486473782799564e+01 1.892945167439317089e+01 -1.258637877648624936e+01 -3.622393711996942045e+00 1.891727483987954761e+00 1.310517330829214799e+01 2.331544249385653345e+01
1.086837207948521211e+01 8.374244350799227021e+00 -3.175292202524678586e+01 -2.769136756723740334e+01 -8.145261245686457485e+00 -8.490205831588227170e+00 2.927131484274394424e+01 1.610670034470638612e+01 -9.261287925218251615e+00 -5.784478781040343520e+00 -1.596473815904321825e+01 3.377862382480499193e+00 2.952073821889948135e+01
1.019674340283779657e+01 8.752345205816835616e+00 -3.126909793334219501e+01 -3.167143648636475461e+01 -2.722066376582517488e+00 -1.629919648576386848e+01 2.450606107564240332e+01 1.539199691459791630e+01 -5.228645475124750419e+00 2.963903336004350297e+00 -1.072688407478218053e+01 7.262697429581974617e+00 3.685004755172480628e+01
8.576783879820053969e+00 4.744990606371078279e+00 -2.086244461345565426e+01 -3.170798174525533497e+01 -9.163273233216891356e+00 -2.572329426734039970e+01 4.820682361825898710e+00 8.891491103565607901e+00 -4.805460414672500846e+00 -7.582321774356509891e+00 -2.446101063969501777e+00 2.302597519546904081e+01 3.383888873194990765e+01
7.925519011288743698e+00 4.907028589929100626e+00 -1.298733883352596408e+01 -1.844813417796885702e+01 -2.374799095205986976e+00 -1.734499031049630702e+01 4.333891359921934749e-02 -8.805080434664596112e+00 -1.935938763724031730e+01 1.731551228026841693e+00 1.447211766903664198e+01 2.415177265632419434e+01 2.799816512064177232e+01
1.710592162468209310e+01 2.041092889796946253e+01 -3.821222475139759212e+01 4.836955765837129384e+00 -6.486070481943580823e+00 -2.588979573653679722e+01 1.636271830642567648e+00 5.581925195770440773e+00 5.875822419682693365e+00 -7.568185466774589365e+00 -8.857752922215047064e+00 5.003320392151316298e+00 1.004866699530624352e+01
1.690439006271493128e+01 2.718100291592303108e+01 -3.798489726302494773e+01 -1.982223843516982953e+01 -3.123802547071574676e+00 -3.015110290269759119e+01 -1.636167549802379639e+01 9.484477724594755799e+00 1.206869042117229718e+01 -1.510349547530680736e+00 -1.717978694116583327e+01 5.566484911759387089e+00 3.815294913480166628e+01
1.594919342247151306e+01 1.897819126006592683e+01 -3.342578478327269664e+01 -2.555474980699616694e+01 -9.925452947465739584e+00 -1.933958058025461213e+01 -1.166576554208984717e+01 2.242863632019932663e+00 1.837541792480098835e+01 1.012449648236297506e+01 -2.189678705019258231e+01 2.815470612309602494e+00 4.489089817477859157e+01
1.879828134526327332e+01 2.481421591230558477e+01 -5.472580736836621185e+01 1.084783497859423740e+01 -1.114506198759545441e+01 9.755871618035827364e-01 -9.351465383130424414e+00 -2.490330799925384397e+01 -3.396370236367605600e+00 -1.386512744104681261e+01 4.254218126020757218e+00 1.772256715813779948e+01 1.560239935421590118e+01
1.789556445662982398e+01 1.702616682156137529e+01 -4.168097689176626375e+01 -1.622076150680294049e+01 5.840939694988557029e+00 -1.620956881199932642e+00 -1.167142717419599052e+01 -1.731941695217473409e+01 -5.712302287916635635e+00 -1.710120317425174363e+01 -8.228686530877171279e+00 1.904153845404866985e+01 1.860296894286607028e+01
1.644845641329091279e+01 1.911211520096193439e+01 -3.770787657446908270e+01 -1.734413986169205302e+01 -7.072517728330557141e+00 -1.007808583358959176e+01 -6.121593075853243526e+00 -2.017557311086170202e+01 -1.213582999347333491e+01 -1.600045640282391446e+01 -1.455499406923023642e+01 1.779752379244196447e+01 2.208482544499914013e+01
1.570063870175821030e+01 2.386814194212238860e+01 -4.025482226973262101e+01 -1.144123126722402972e+01 9.152365986282988419e-02 -1.924108562470906136e+01 -1.811360728491918337e+01 -1.421338138134289153e+01 -3.105628265636561469e+00 -2.685699213471533398e+01 -1.494545816180882447e+01 2.186227479489007663e+01 1.128421184188191440e+01
1.536941225248162191e+01 1.993393081848411796e+01 -3.652659166982715533e+01 -1.874321849832216458e+01 4.250320205824187347e+00 -1.310153789497956112e+01 -3.114445042519267659e+01 -2.569141607708567321e+01 3.449334918733699684e-01 -1.079978617449323153e+01 -1.385647298946715367e+01 1.786632864339030746e+01 1.487699955310346134e+01
1.475377352924257224e+01 2.527600817422827006e+01 -3.324544707671910260e+01 -2.379483669857784989e+01 6.191761254057187358e+00 -7.392963026175144670e+00 -3.303620815767796870e+01 -3.531979020040116524e+01 -6.658171265226091151e+00 -1.291884260302665899e+00 -9.871258426444370571e+00 6.091082354419530276e+00 1.725000904475734131e+01
1.879693116168160572e+01 2.543945205830676315e+01 -5.481759128142424942e+01 1.139668265720490048e+01 -1.215130427073684061e+01 2.175521188188650756e-01 -1.047730422097751024e+01 -2.490882648593822779e+01 -4.250248088179292338e+00 -1.520177522220062372e+01 3.684534117340156012e+00 1.816920704528025965e+01 1.661837447051002314e+01
1.792806572664152753e+01 1.749891536960517513e+01 -4.141547812931817418e+01 -1.619558850235833347e+01 5.465094590034493827e+00 -2.442115985395137301e+00 -1.258089079564142665e+01 -1.734150307388303247e+01 -6.018549922371448702e+00 -1.830836322429817287e+01 -9.165647930265294008e+00 1.932979130058896544e+01 1.911473799211430702e+01
1.648796463932015399e+01 1.897431030917116246e+01 -3.747711199995301001e+01 -1.796522870441098618e+01 -7.019903811352180334e+00 -1.000067864108569005e+01 -6.349422326934863747e+00 -2.023524593237843661e+01 -1.201844796613150912e+01 -1.620915319471774296e+01 -1.485410503775739777e+01 1.749653032483163884e+01 2.237224009170292760e+01
1.570645698679213709e+01 2.391388946064052945e+01 -4.068094011445841574e+01 -1.189819959947336514e+01 -4.336822552633304850e-01 -1.933994820145179006e+01 -1.816920311699947632e+01 -1.416726254021733311e+01 -3.469838196121964646e+00 -2.674007609856325374e+01 -1.485182707822301040e+01 2.189710808478256965e+01 1.129802133404902165e+01
1.536508835023976260e+01 1.992123833390066068e+01 -3.668472024401640397e+01 -1.892943155440866221e+01 4.173652326490557840e+00 -1.304202477347356215e+01 -3.089918096056281627e+01 -2.579157598583703859e+01 4.304622892528217060e-01 -1.105685697521830946e+01 -1.367087675330439289e+01 1.776173102900740020e+01 1.496220718066765443e+01
1.474973721437519814e+01 2.520526263949267332e+01 -3.326945392422583581e+01 -2.396957886532288384e+01 6.401202982610866954e+00 -7.731038299133220271e+00 -3.262073973563043694e+01 -3.548363949741860068e+01 -6.669867037942878163e+00 -1.062744984897440848e+00 -1.022501155853477606e+01 6.541209736416256249e+00 1.682342413621818977e+01
1.423214203012125267e+01 3.139500088526815347e+01 -3.911958005516952852e+01 -2.724802656791071698e+01 5.910246924448539829e+00 -2.041908651178646394e+01 -2.180215219903212542e+01 -3.132447650489222113e+01 -1.952763912175041483e+01 -1.017223980590699561e+01 -6.132172218403342256e-01 1.250593667254708308e+01 1.132588435283280859e+01
1.395706846365556153e+01 3.046949324161187178e+01 -3.642515527080442439e+01 -2.771203250591094758e+01 7.640730965264484809e+00 -1.461266017589964150e+01 -2.368961170196169519e+01 -2.281109925216697931e+01 -1.217725229519678898e+01 -1.685603674958457532e+01 -1.325417051074648711e+01 1.592393125952848720e+01 2.099929994101294994e+01
1.331027999122817995e+01 2.730024210238454785e+01 -2.503269971211865297e+01 -2.554467645339412130e+01 7.729432167464089787e-01 -1.933161394770891306e+01 -2.171196040161457574e+01 -1.083399768362908233e+01 -1.580857215219340972e+01 -2.390638555698278722e+01 -5.442876621000110049e+00 1.301478742457573290e+01 2.070926191574590547e+01
1.274543790605070726e+01 2.720274384866435469e+01 -2.039117903969195211e+01 -2.146639577370434537e+01 3.062763596528300436e+00 -1.445912505448463037e+01 -1.944101054353943070e+01 -1.532283324704583904e+01 -1.969757658501179165e+01 -2.424223258054892582e+01 -7.531379675098695436e+00 1.785874585614883614e+01 2.484114579969281777e+01
1.110944691560546715e+01 2.433118480474682954e+01 -1.466795890878379183e+01 -2.253438158589267104e+01 1.437208492989589992e+01 -7.601029369172161765e+00 -3.646701860622118829e+01 -2.672789108191263452e+01 -2.975193248229194953e+00 -1.125923380774028359e+01 -1.250973423039008736e+01 1.169187266502112088e+01 2.647592220187591749e+01
9.348265170586348205e+00 1.832162712803169669e+01 -3.955672829671776913e+00 -2.328890340580295515e+01 1.513977935996970992e+01 -1.123425964630236606e+01 -4.529601979899629072e+01 -2.344531790392479920e+01 2.294548610283313472e+00 -1.058255958266154728e+01 -7.359443871289468753e+00 5.506549631594478633e+00 1.207219965333836065e+01
7.746117276506691240e+00 9.514029471292365869e+00 5.325759239602785300e+00 -2.614349317588880695e+01 -2.181349052214248907e+00 -6.000135274699552212e+00 -2.681780600346614207e+01 -3.409617398048886372e+01 -2.204099117008124153e+01 -1.193363000610872504e+01 8.665192240446506489e+00 1.686996689373241765e+01 8.756289939747151863e+00
6.364695432143490095e+00 6.618350004918144291e-01 6.787533676305923080e+00 -2.463965524143128150e+01 -3.682039102622590931e+00 -6.255495651527988699e+00 -2.621598057447123509e+01 -4.249830344940559002e+01 -2.077638883709380480e+01 -1.314748564016114862e+01 -1.297378703275774703e-01 2.062256353212786308e+01 2.668746172901763458e+01
5.257449857008617222e+00 -9.073173341633237854e+00 1.169304023069613940e+01 -1.609029003192238250e+01 -5.870152104972160778e+00 -9.868314748228362632e+00 -2.343587343881944207e+01 -3.248454257063036721e+01 -3.243307572160014729e+01 -1.749348705557367012e+01 7.407115732464231606e+00 2.403797115412777430e+01 2.540084975713840265e+01
4.541805995704090826e+00 -1.800644843163988895e+01 9.274790864356239339e+00 -2.422352638583807227e+00 -1.918421681680998603e+01 -1.389926124804841834e+01 -1.583557462859189613e+01 -2.900756112016893340e+01 -2.190055444357007275e+01 -2.259605063962869664e+01 7.276799935648960549e+00 2.089466469992558473e+01 2.776445499460377064e+01
3.714182435117558523e+00 -1.989658327975942598e+01 -2.796678507212531972e+00 -1.402157934759602487e-01 -9.050479126406242303e-01 -1.402912841336088157e+01 -1.856721736863676853e+01 -2.159324543491846882e+01 -2.173730455864215116e+01 -1.281733419105344218e+01 4.327835755979117849e+00 2.369275108283396492e+01 3.068262385464170805e+01
2.632879774633844150e+00 -1.894742216252958045e+01 -4.509619162912055224e+00 -2.501270292945213303e+00 3.144581196442283844e+00 -1.515260034484177343e+00 -7.357049823893095031e+00 -1.650417679411521732e+01 -1.913652640896621548e+01 -1.420044641278376929e+01 1.852473012591250301e+00 1.942606017784772376e+01 3.116216801636981515e+01
1.879407168943449236e+01 2.508286724070103801e+01 -5.506729111212854377e+01 1.126864819494031345e+01 -1.174153234590945338e+01 1.389827150936256750e+00 -9.402372454135170088e+00 -2.455939844183341592e+01 -3.444500678234572622e+00 -1.390230202915271462e+01 4.246348197942283242e+00 1.735632574488182200e+01 1.538827747285999514e+01
1.789674136876471167e+01 1.718423725498002597e+01 -4.174461993055115983e+01 -1.596064633090743712e+01 6.053804521338511435e+00 -1.367451550301338914e+00 -1.180551518840021963e+01 -1.748673518107677083e+01 -5.819630153384943050e+00 -1.746061213824861369e+01 -8.312658966825072326e+00 1.899534631305592214e+01 1.833497454893279510e+01
1.644678106387855365e+01 1.903228534857834475e+01 -3.751881112733278911e+01 -1.725110223233451734e+01 -6.691555710439089921e+00 -9.836791031150145415e+00 -5.938679374301640834e+00 -2.019361336369772175e+01 -1.226295328638911819e+01 -1.632979010857131641e+01 -1.471778842851016655e+01 1.759281058891164307e+01 2.198875446377101994e+01
1.570106631975102829e+01 2.385085750504212854e+01 -4.035880316096778841e+01 -1.160779228611909453e+01 -8.144466458701939138e-02 -1.947663592037877578e+01 -1.831160191450831221e+01 -1.423178215234942456e+01 -3.213230690081546825e+00 -2.663934601433352611e+01 -1.496478171631989618e+01 2.204621551615641195e+01 1.127922648701486708e+01
1.536981517245080830e+01 1.992441288725689219e+01 -3.647719640308260125e+01 -1.869912220336721731e+01 4.226572926558625376e+00 -1.291614169632713960e+01 -3.118134208944913155e+01 -2.562531310993863087e+01 4.252195662705982038e-01 -1.092650523719827582e+01 -1.382742879157141580e+01 1.787083968382324883e+01 1.481327356652289318e+01
1.475406970558996278e+01 2.514123623629367543e+01 -3.313206938950276026e+01 -2.388778012636894488e+01 6.246664873942012974e+00 -7.554351808062009788e+00 -3.281657457399138167e+01 -3.555424668678360689e+01 -6.570690449633008967e+00 -1.135701512700348470e+00 -1.025357799066144260e+01 6.612008042124346119e+00 1.677415396078492194e+01
1.423566569100435686e+01 3.137085945801074871e+01 -3.898069956547295334e+01 -2.741946539993597298e+01 6.327910260120676256e+00 -2.116689364698557441e+01 -2.078386785950323556e+01 -3.242219315016464520e+01 -1.887644120140417670e+01 -1.010013506294837349e+01 -1.548256807051771711e+00 1.408541066692543708e+01 9.575523292967485389e+00
1.395938064375843801e+01 3.062862127924003630e+01 -3.661740073773346893e+01 -2.755883486682191830e+01 7.686164391724046752e+00 -1.500501069521974706e+01 -2.310989582115738017e+01 -2.346638137666951351e+01 -1.185876953183291072e+01 -1.680165687863100032e+01 -1.364698469407016646e+01 1.652925878952725469e+01 2.030934312101781458e+01
1.331200559432469710e+01 2.722167585987491734e+01 -2.502310189926853212e+01 -2.536595654866108873e+01 4.679847999161422800e-01 -1.904693559278359061e+01 -2.189153223870124876e+01 -1.073107547740038470e+01 -1.604848192760293912e+01 -2.349620610605516902e+01 -5.796105289998821242e+00 1.303797527476307039e+01 2.118292974323391320e+01
1.700722040152819048e+01 2.899179622769276676e+01 -4.776568278705001092e+01 1.402878693877958938e+01 -8.775194996515891077e+00 -2.767338576804382555e+01 -6.580935153618797662e-01 -6.350898018636224940e+00 7.764909978547852809e+00 -7.932738402857039794e+00 -1.206359573875601221e+01 -1.673080530948708455e+00 1.182921943121556518e+00
1.681530883854725289e+01 1.809428205547141033e+01 -2.778428287888479176e+01 -1.866057771095343298e+01 -6.798948431200630083e+00 -2.878660170985394728e+01 -2.502123805860954775e+01 5.556670986416011537e+00 1.929142197349052168e+01 2.737154608557183177e+00 -1.697259148422289599e+01 -3.365595728970882661e+00 2.497108579238116022e+01
1.597394969083234351e+01 2.391414146917804118e+01 -3.261403269897811441e+01 -1.966656634505876156e+01 -4.644918974471980100e+00 -2.185434747350978668e+01 -1.571103644662841603e+01 -4.725131973006639008e+00 1.212549136156638596e+01 1.596185209781517678e+01 -1.926841183015746495e+01 -1.926504813566364405e+01 1.977720136510940563e+01
1.453825567426869014e+01 2.739390199963078842e+01 -3.034964841440425332e+01 -2.368938842122196320e+01 -1.009781441232644639e+01 -2.473042951276586621e+01 -8.134178399813626115e+00 9.115623728647574975e-01 3.233567497063988050e+00 7.472943406924964727e+00 -1.447957279829727639e+01 -6.252435289890676984e+00 3.062857351987272025e+01
1.336757537624580650e+01 2.488396620666729930e+01 -3.780568604960607360e+01 -2.074277552620902298e+01 -9.279462841204625390e-01 -3.038931162332577429e+01 -8.409502489228627198e+00 -1.687404844675025828e+00 -3.915196695743673239e+00 1.372900104514229369e+01 -9.732379337960235688e+00 -1.247637472930106028e+01 2.757654124982132160e+01
1.337152913011584943e+01 1.780430380704074977e+01 -3.482742286575658142e+01 -2.248494917456344666e+01 -1.266820088177758308e+01 -3.438036605169985194e+01 5.974148895137808279e-02 7.629779821446138754e+00 3.362764348619507349e+00 2.038160985394985403e+01 -1.699204340843748540e+01 -3.114063099008139091e+01 2.329133937798541254e+01
1.333485493565208202e+01 2.092595324466319795e+01 -2.212761703704035554e+01 -2.337544117552000600e+01 -1.824862933425006162e+01 -2.833991370894480255e+01 5.220711810790379381e+00 2.194720273967449842e+01 1.238439509279203854e+01 7.367971781727638891e+00 -1.762862500990291892e+01 -2.608004589259250494e+01 1.569637493838704678e+01
1.280270774057641425e+01 1.628467694098707241e+01 -2.585011554666855105e+01 -2.854106542733914864e+01 -2.130187087467045259e+01 -2.407359174025518911e+01 5.529720414553010777e+00 1.371950916021370759e+01 1.188618102199866655e+01 6.284314845685043949e+00 -1.823695079867051305e+01 -1.379800219567258424e+01 2.058177639365182188e+01
1.165851744831605608e+01 1.759894460516004955e+01 -2.575720476362091560e+01 -2.468186945831878631e+01 -1.072368085194948151e+01 -2.300963484923312308e+01 9.132808275187935365e+00 1.021945406494774033e+01 -2.413444396320930385e-01 6.536221771490053456e+00 -1.390133123014173222e+01 -1.486718051702699306e+01 2.266688907321990598e+01
1.841129103354062124e+01 1.899133845014514321e+01 -5.161248578403155562e+01 2.926418202385228540e+01 -3.079180994646244329e+01 -6.648804670138760642e+00 -1.105286664038372102e+01 1.141568462974550435e+01 5.362174150355445867e+00 -1.024078175410133618e+01 -5.289110985608708404e+00 -2.019093304440396364e-01 1.297058465370701619e+01
1.777451144105133451e+01 2.339377141349182665e+01 -4.689884203014491959e+01 -8.539371654967279568e+00 -1.137704322885636721e+01 -2.930974554154044398e+01 -1.343143755317442967e+01 4.795716093086713983e+00 1.475772790789576838e+01 -1.510218897329549392e+00 -1.595712123379091096e+01 5.102488737046328104e+00 3.937373970036164650e+01
1.684730910380861602e+01 1.783525720468595921e+01 -3.918879535361848099e+01 -1.683003258353732434e+01 -8.555006730499815859e+00 -2.390193151065471255e+01 -6.116338347787759311e+00 2.342106925940485418e+00 1.517075375842702556e+01 1.279836598369081813e+01 -2.199524069992164499e+01 -2.834542058131617193e+00 4.702432440971868743e+01
1.523607717478176760e+01 1.952663152026791948e+01 -3.329952577532306179e+01 -2.042890436225486539e+01 -9.438355688454882042e+00 -1.805031266527250011e+01 -2.684323309643952715e+00 -5.548645218004936153e-01 2.029055359254398283e+00 4.085083085335071695e-01 -1.216496359255813786e+01 9.377693180895954939e+00 3.590728621132111442e+01
1.441633575778113574e+01 1.340945022001335474e+01 -4.368503115860028885e+01 -1.382357090544146949e+01 -1.093424918474516971e+01 -2.808050310539402616e+01 1.086682748553170264e+00 -2.403831262028203852e+00 -1.602338491810821886e+00 1.107672171176832343e+01 -1.474058474041497036e+01 -2.757361621053221690e+00 4.082034295394566925e+01
1.442745147585054433e+01 2.422535401381780318e+01 -4.296439039119803027e+01 -1.046336005124081225e+01 -1.082194869028426787e+01 -3.809781604229791441e+01 2.420563368081815625e+01 8.979469127558678210e+00 1.125147708113729106e+00 1.607106893678743731e+01 -2.893115280180469284e+01 -1.986793709719650991e+01 4.108846383307150063e+01
1.415205731244074094e+01 2.582569312233300707e+01 -2.932743515009140367e+01 -1.326665593417702560e+01 -1.878636395687839666e+01 -3.404128779578785924e+01 2.640621935389420472e+01 2.186448252873818632e+01 7.533633744365221041e+00 -5.720625488927316482e+00 -3.184128722153944935e+01 -6.792148995890441299e+00 3.712259433618596205e+01
1.338809070406412438e+01 1.841606750886601418e+01 -3.793851002246226045e+01 -2.308555053166114135e+01 -1.036330833864985834e+01 -2.843328475057781901e+01 2.223185944440767514e+01 1.558191002123299107e+01 -5.237048812502306028e+00 3.115331063797232680e+00 -2.059843729371939247e+01 -4.750891232630912064e+00 4.047162875931069692e+01
1.187263287484973517e+01 9.117292196710371499e+00 -3.830112184159568756e+01 -2.453809632999001522e+01 -1.418782113554192215e+01 -2.122329803127586700e+01 1.291859646476415691e+01 2.105770863705141327e+00 -1.033268050029310814e+01 2.421523270480247181e+00 -1.286711799873223860e+01 1.644896365434491470e+00 3.775670400487175726e+01
1.859913928080673529e+01 2.654554298713467020e+01 -2.745313209013922418e+01 -1.304877951956380500e+01 -2.563816159266755434e+01 -4.047321396688853667e+01 3.414722174335231841e+00 1.213708259749652640e+01 2.592289976269080753e+00 9.680226338122047025e+00 2.169213444088560649e+01 1.506893152902104838e+01 -1.360555421784012786e+01
1.784100854221342303e+01 2.097423896477405947e+01 -1.207292643306094249e+01 -2.203278432389102903e+01 -2.103320623594490257e+01 -2.507111432612227375e+01 -1.565846190442221442e+01 4.593996221942203917e+00 1.684574358889681278e+01 1.949040538219296081e+01 1.943995982892485586e+01 1.025209127326020031e+01 -3.545739117997141587e+00
1.684264975137662290e+01 2.779199596745574752e+01 -7.842679357972009768e+00 -2.125697219888667888e+01 -2.180872897499124008e+01 -2.363689852739214459e+01 -8.565629289200318297e+00 8.678118640025733299e+00 6.044574852712276680e+00 6.883520084728673716e+00 2.598906041363837716e+01 2.148953486933111634e+01 -9.476894662368261280e+00
1.561543816731261813e+01 2.153992268899682827e+01 -1.599645918029365710e+01 -2.312805824873967708e+01 -2.230949791172764307e+01 -3.035605457288991005e+01 -8.521577156613915349e+00 1.708330656050106455e+01 7.167270118867945961e+00 2.039352059699246045e+00 2.474520343569476566e+01 2.330247048104496344e+01 -4.750156779467253010e+00
1.431718316443187966e+01 2.767946867700127100e+01 -1.071180856971542994e+01 -1.942579356849172711e+01 -2.319961498398833299e+01 -3.148000208891848573e+01 -3.841612911038507772e+00 9.081410037382731559e+00 3.559748850199459191e+00 1.610790071322600880e+01 2.845448779173012355e+01 7.858117858954672741e+00 -1.163459249069076051e+01
1.336206240282806057e+01 2.484876313321255736e+01 -1.315426723123136199e+01 -2.973316276650794521e+01 -2.428779305097331331e+01 -2.269516183606533488e+01 -2.389380705607063948e+00 6.243871308248417407e+00 1.543740395100329454e+00 1.362673994684494616e+01 2.289458520809330722e+01 1.133254950429387797e+01 -2.819128964689030070e+00
1.249543812075167892e+01 2.321206709381361577e+01 -1.314241935929705463e+01 -2.964386455929933462e+01 -1.507070772072954234e+01 -1.594043101780822980e+01 -8.417319517050390942e+00 -1.525082293339861783e+00 3.551798179201920647e+00 1.193352613250350203e+01 2.607608880023601472e+01 1.796893314103938266e+01 -4.953713720875518867e+00
1.179183887035179090e+01 1.975335308201528761e+01 -1.123010518031749783e+01 -2.963313474674292181e+01 -2.341515032276504371e+01 -1.993138761493268518e+01 -5.042509923907205760e+00 -1.033881002558377560e+00 3.079870521033806874e+00 2.014503464918579212e+01 2.694548286482464761e+01 5.460786083643640154e+00 -7.244644752152315625e+00
1.162617915238559441e+01 2.149769942040034820e+01 -6.466638482381616981e+00 -2.831185919828610764e+01 -2.087719913642760972e+01 -2.228393375277735089e+01 -5.224611517534597738e+00 -1.117682671461784905e+00 3.556521348569622543e+00 2.176504756084785441e+01 2.663018535428356870e+01 2.457403541719845652e+00 -6.088342882297579806e+00
1.879266088089100251e+01 2.502777759875782593e+01 -5.497224363600400210e+01 1.117872182847867535e+01 -1.155248437202351219e+01 1.360939293317471988e+00 -9.208561543403913419e+00 -2.465377986164613944e+01 -3.528442121995304603e+00 -1.408715691316230334e+01 4.019969808754226825e+00 1.732390370510834288e+01 1.518428675423909091e+01
1.789430487955384308e+01 1.733844384615618495e+01 -4.173171782691249376e+01 -1.623566840247173104e+01 5.438916622290187242e+00 -2.261014651780710150e+00 -1.238942050903920844e+01 -1.755179447001878756e+01 -5.111973824918875309e+00 -1.620282247521190655e+01 -7.143358587580985741e+00 1.982069967079429418e+01 1.828610547110779905e+01
1.644545552140797895e+01 1.914090586345454170e+01 -3.757905991120257028e+01 -1.721882388995878799e+01 -6.758201092303103508e+00 -1.002276450574114008e+01 -5.906475295753381261e+00 -2.031388691754652953e+01 -1.209228672188277542e+01 -1.616491783957221884e+01 -1.462047049156155332e+01 1.777137337493805092e+01 2.185883526857681858e+01
1.570147582128320174e+01 2.381990967085286925e+01 -4.026645036161819746e+01 -1.162036721084789370e+01 -2.680756649074713879e-02 -1.934837718425301034e+01 -1.838825191285273775e+01 -1.400012222946009999e+01 -3.463686862072526296e+00 -2.635894279448920230e+01 -1.528962947392169269e+01 2.231468066863860855e+01 1.103876856047461530e+01
1.536975647629049213e+01 1.999717048226530380e+01 -3.651082433801985161e+01 -1.866434959996717780e+01 4.320861715149185045e+00 -1.294099253495907220e+01 -3.101672647072626887e+01 -2.570015745370998417e+01 4.916649484711750340e-01 -1.098378496858142128e+01 -1.390112291518508414e+01 1.790392925908742683e+01 1.476153607168032877e+01
1.475412895747187392e+01 2.517785043066908912e+01 -3.309118390715734392e+01 -2.399437983246285455e+01 6.396853523287566290e+00 -7.549214174737886474e+00 -3.287350826956196670e+01 -3.537273727663327350e+01 -6.714550453004462405e+00 -1.165573108685679760e+00 -1.007931869183386731e+01 6.223453587180038937e+00 1.723132979571915868e+01
1.423582567051030878e+01 3.120661158945543079e+01 -3.882679252673564463e+01 -2.738025067193025208e+01 5.881905205737011144e+00 -2.020453288534990222e+01 -2.219524202231932364e+01 -3.086217153401923952e+01 -2.019323179682455915e+01 -9.320358102361085528e+00 -1.675303713031136343e+00 1.371684554299993408e+01 1.018251385541965526e+01
1.395934905391446534e+01 3.054282020210135684e+01 -3.654196879743045656e+01 -2.755186048285405320e+01 7.477711760791978080e+00 -1.452534023579714528e+01 -2.391364473761273857e+01 -2.253208568706014248e+01 -1.263157388145158677e+01 -1.646358411973791291e+01 -1.340001521665998574e+01 1.592249435733558371e+01 2.101603976815816921e+01
1.331202658739761269e+01 2.736555417178989202e+01 -2.520353676000213738e+01 -2.525946685543239312e+01 4.988146301499775115e-01 -1.928346091465661516e+01 -2.152462214139008978e+01 -1.111327298378418682e+01 -1.576680588329808685e+01 -2.367424135231755145e+01 -5.727772552089972713e+00 1.304373414200111370e+01 2.118062019381938654e+01
1.700721586540424468e+01 2.899844392242689395e+01 -4.777126218893637599e+01 1.402667336814955767e+01 -8.758575834949926531e+00 -2.770731818053648965e+01 -6.125665665865108744e-01 -6.395849489870446547e+00 7.795234543833539753e+00 -7.939061617175853236e+00 -1.208282027555896576e+01 -1.632812608493505735e+00 1.132286320572739147e+00
1.681530537936747649e+01 1.809403354562911304e+01 -2.778499923087878187e+01 -1.865930548705972214e+01 -6.799989609859136586e+00 -2.878839215289549358e+01 -2.501678248867469634e+01 5.552011219471930659e+00 1.929300722258997425e+01 2.737370830949499734e+00 -1.697390982870501475e+01 -3.366186324355223469e+00 2.497599243610225983e+01
1.597394959940971404e+01 2.391422339634156558e+01 -3.261542549577967520e+01 -1.966421121257472393e+01 -4.646884058544708651e+00 -2.185400312085469565e+01 -1.571026137949486490e+01 -4.726301466317849531e+00 1.212696352559941815e+01 1.595846733979595200e+01 -1.926294782357164692e+01 -1.927082338777304216e+01 1.978180138257959442e+01
1.453824959803170813e+01 2.739108627012548780e+01 -3.035013422972459907e+01 -2.368488200100505026e+01 -1.010261124239249675e+01 -2.472969965981843998e+01 -8.127798257675701521e+00 8.990484466331524205e-01 3.252485720701272065e+00 7.445998982209960815e+00 -1.444575557166371560e+01 -6.284883207306503294e+00 3.065278204681318641e+01
1.336756627728905755e+01 2.488836026737463669e+01 -3.781415923934065404e+01 -2.072614264255093985e+01 -9.597323283228684776e-01 -3.033807223647608708e+01 -8.478161470246426745e+00 -1.612253975406191975e+00 -3.982842060897918035e+00 1.377587037907966128e+01 -9.759442572540057981e+00 -1.245638191094995761e+01 2.754828851185500227e+01
1.337153211768466754e+01 1.779932466772551081e+01 -3.481793762543419746e+01 -2.249574829841844092e+01 -1.265846895493218227e+01 -3.438744880934441994e+01 6.247030911562816841e-02 7.628415636569025438e+00 3.368450154161861221e+00 2.036739175099895860e+01 -1.696148514192686818e+01 -3.118794955210432818e+01 2.334035052989731440e+01
1.333484835753103326e+01 2.092210976611146478e+01 -2.212396872275146364e+01 -2.338275720961634718e+01 -1.822654727039223488e+01 -2.837948610491370971e+01 5.268330967018350464e+00 2.189773877908399058e+01 1.244214091244469245e+01 7.303283384183671068e+00 -1.757272305085555431e+01 -2.611246935216872700e+01 1.570482513254501100e+01
1.280270774057641425e+01 1.628467694098707241e+01 -2.585011554666855105e+01 -2.854106542733914864e+01 -2.130187087467045259e+01 -2.407359174025518911e+01 5.529720414553010777e+00 1.371950916021370759e+01 1.188618102199866655e+01 6.284314845685043949e+00 -1.823695079867051305e+01 -1.379800219567258424e+01 2.058177639365182188e+01
1.165851744831605608e+01 1.759894460516004955e+01 -2.575720476362091560e+01 -2.468186945831878631e+01 -1.072368085194948151e+01 -2.300963484923312308e+01 9.132808275187935365e+00 1.021945406494774033e+01 -2.413444396320930385e-01 6.536221771490053456e+00 -1.390133123014173222e+01 -1.486718051702699306e+01 2.266688907321990598e+01
1.841129712449688682e+01 1.898901762841106589e+01 -5.160940069608025027e+01 2.926163803957316034e+01 -3.079127835757116571e+01 -6.645654320715213004e+00 -1.106231146179904989e+01 1.143280019276793347e+01 5.338485529033701660e+00 -1.021189208580249996e+01 -5.320841754321858907e+00 -1.711409360413287395e-01 1.294355853764864506e+01
1.777451644828182964e+01 2.339221146821411068e+01 -4.689836338756408196e+01 -8.537206804911450675e+00 -1.138306934420709915e+01 -2.930036244296201531e+01 -1.344321905330790123e+01 4.808638825631585512e+00 1.474482802459378128e+01 -1.497811064981935392e+00 -1.596720982227484420e+01 5.107721635848541553e+00 3.937627981052330028e+01
1.684730910380861602e+01 1.783525720468595921e+01 -3.918879535361848099e+01 -1.683003258353732434e+01 -8.555006730499815859e+00 -2.390193151065471255e+01 -6.116338347787759311e+00 2.342106925940485418e+00 1.517075375842702556e+01 1.279836598369081813e+01 -2.199524069992164499e+01 -2.834542058131617193e+00 4.702432440971868743e+01
1.523607717478176760e+01 1.952663152026791948e+01 -3.329952577532306179e+01 -2.042890436225486539e+01 -9.438355688454882042e+00 -1.805031266527250011e+01 -2.684323309643952715e+00 -5.548645218004936153e-01 2.029055359254398283e+00 4.085083085335071695e-01 -1.216496359255813786e+01 9.377693180895954939e+00 3.590728621132111442e+01
1.441635934885107950e+01 1.341548320712764664e+01 -4.369479666464167167e+01 -1.381121238913656946e+01 -1.094804289078163251e+01 -2.806689771177796544e+01 1.074126712589743571e+00 -2.394051564812205157e+00 -1.609120996803189652e+00 1.108086761633713735e+01 -1.474231821135142262e+01 -2.758971570870524026e+00 4.082344561704322672e+01
1.442745147585054433e+01 2.422535401381780318e+01 -4.296439039119803027e+01 -1.046336005124081225e+01 -1.082194869028426787e+01 -3.809781604229791441e+01 2.420563368081815625e+01 8.979469127558678210e+00 1.125147708113729106e+00 1.607106893678743731e+01 -2.893115280180469284e+01 -1.986793709719650991e+01 4.108846383307150063e+01
1.415205731244074094e+01 2.582569312233300707e+01 -2.932743515009140367e+01 -1.326665593417702560e+01 -1.878636395687839666e+01 -3.404128779578785924e+01 2.640621935389420472e+01 2.186448252873818632e+01 7.533633744365221041e+00 -5.720625488927316482e+00 -3.184128722153944935e+01 -6.792148995890441299e+00 3.712259433618596205e+01
1.338809070406412438e+01 1.841606750886601418e+01 -3.793851002246226045e+01 -2.308555053166114135e+01 -1.036330833864985834e+01 -2.843328475057781901e+01 2.223185944440767514e+01 1.558191002123299107e+01 -5.237048812502306028e+00 3.115331063797232680e+00 -2.059843729371939247e+01 -4.750891232630912064e+00 4.047162875931069692e+01
1.187263287484973517e+01 9.117292196710369723e+00 -3.830112184159568045e+01 -2.453809632999001522e+01 -1.418782113554193103e+01 -2.122329803127586700e+01 1.291859646476416756e+01 2.105770863705144880e+00 -1.033268050029311880e+01 2.421523270480256951e+00 -1.286711799873224038e+01 1.644896365434490138e+00 3.775670400487175726e+01
1.901343913995090062e+01 2.031980047319850513e+01 -2.485643020809898829e+01 -2.574343187056696891e+01 -2.007286042894031297e+01 -2.212446405540317684e+01 -5.085273577951169521e+00 1.488652053201744785e+01 2.420948435343290228e+01 1.902451315651537556e+01 1.136912319755176348e+01 1.538343168577959830e+00 -2.046191412441141821e+01
1.829096037391812146e+01 2.409122370978457184e+01 -1.417749966223567704e+01 -2.729579032860846155e+01 -1.806291078912667203e+01 -1.117404824133299890e+01 -6.492850797114479988e+00 1.999909215679053442e+00 1.665035683622085116e+01 2.692491859797668141e+01 2.164496656544689301e+01 -1.083400173440391523e+00 -2.444521076750800503e+01
1.611082716805007564e+01 2.289371884948102220e+01 -1.741369572400608590e+01 -1.983012065205738139e+01 -1.499420837569901543e+01 -2.538060648577978284e+01 -1.183806812074598014e+01 1.542207151390699948e+01 2.557946783469584418e+01 1.933907572564679356e+01 1.072566053773226180e+01 -9.517031899414376550e-01 -1.948581479428147389e+01
1.404632265501138733e+01 2.286360606357364489e+01 -4.775168265544306934e+01 -2.866099512901100255e+01 5.583621398544126535e+00 -1.266904033248415828e+01 2.449172334696603670e+00 1.180958180218585341e+01 1.292105918764724137e+01 2.237539694918719491e+01 2.692261889982506773e+01 1.077570501657480051e+01 -1.401950792261959755e+01
1.287127448615543912e+01 1.455787327567652589e+01 -4.031885455052873368e+01 -2.255045732292457572e+01 1.181232257196748847e+01 -7.651382189172749371e+00 -1.815289767508493801e+00 4.272409080115044944e+00 -1.039143577729686996e+01 9.166804448914803061e+00 3.807340791725966511e+01 1.081927111137331998e+01 -2.170851137168801870e+01
1.256262443750395086e+01 1.510003797284484683e+01 -4.657589418496377220e+01 -4.341791761102363978e+01 -1.183140420014927363e+00 -1.575704287326126263e+01 1.387074263934470508e+01 1.940212542641871352e+01 2.782598663887668189e-01 2.126848779841431991e+01 4.100629636081583129e+01 9.652165838925322205e+00 -1.746837682469926278e+01
1.317982096653157953e+01 2.347087427596084908e+01 -3.295419064466686621e+01 -4.820050142544301508e+01 -1.370233331653848019e+01 -1.605984620162593757e+01 9.443532167252367771e+00 8.562258590331289554e+00 -5.778403575201563669e+00 1.833262604016458042e+01 3.088002838135348327e+01 1.036300034834627937e+01 -2.124030926803727581e+01
1.272262509509442907e+01 2.349196803836954217e+01 -1.739239439185510605e+01 -3.930985836995193239e+01 -1.903989365561993452e+01 -9.380744605564025562e+00 1.925930431140602694e+00 2.926224466186693185e+00 1.090311727912672168e+01 2.065562873390308596e+01 2.138457490009012574e+01 4.467706232366561281e+00 -1.895296172450525773e+01
1.225942124759578711e+01 2.207354276665599357e+01 -1.117517899350895405e+01 -3.552681404634907381e+01 -2.401744135533344959e+01 -1.243456664978529602e+01 2.791278709136160163e+00 5.865559192445410019e+00 1.156416328181503062e+01 2.122121300198111626e+01 2.001436667980103579e+01 2.841931797888792577e+00 -2.042659231301999156e+01
1.930923497757961727e+01 2.838003861875338529e+01 -4.376773378910403522e+01 1.290691585869793023e+01 -4.602019228618117097e+01 -2.563663206064265410e+01 9.832083752776526353e+00 8.827929403015902565e+00 2.071350191654847350e+01 1.129320089592048992e+00 3.310456335962280150e+01 8.589339424751065266e+00 -2.363205007698269355e+01
1.846776265175051179e+01 1.798044254518765328e+01 -1.820629665635264516e+01 -2.005787761700271332e+01 -2.480779340524891907e+01 -3.272694717487675575e+01 -9.752651591002335252e+00 1.106781949314595614e+01 1.726618225118284400e+01 2.076355392860841675e+01 1.702158608417412822e+01 2.792343710755138986e+00 -9.276443411489468716e+00
1.749515448137195150e+01 2.947297984537721760e+01 -1.337174758597648072e+01 -1.366400897031177308e+01 -2.544827844217787316e+01 -2.991341352911450713e+01 2.657972548537292035e+00 1.424885805368796987e+01 3.389861511788645032e+00 5.050199252395280780e+00 3.118215737931881648e+01 1.868264651258785136e+01 -2.295728868126244748e+01
1.621810328603281093e+01 1.552518004061605517e+01 -2.354831368631822386e+01 -2.139285981367110878e+01 -2.698623276272378035e+01 -4.003976175630942436e+01 -2.935769445257947030e+00 2.298966424768527617e+01 1.156358959961981014e+00 3.016196499163215972e+00 3.163313900230208375e+01 1.773811416536972629e+01 -1.627521597733563397e+01
1.488931767790585425e+01 3.016566319444200417e+01 -2.264609715024257142e+01 -5.728859457301164859e+00 -1.608290839895213509e+01 -4.433996119991065399e+01 2.877512236094247999e+00 1.479471692276657757e+00 1.988938638996564379e+01 3.109695222939994963e+01 5.378450522703407621e+00 1.493583294973353626e+00 -5.745690486374941841e+00
1.394825838126173245e+01 1.651621842777261762e+01 -2.317524432084826458e+01 -3.269239226784377195e+01 -3.329132692891536749e+01 -2.941402684495034947e+01 1.988194458053335612e-01 5.521909808101677086e-02 6.086931943687870827e+00 2.346468967878176315e+01 1.621873493186109982e+01 -2.303260193261085220e+00 1.848673021271711181e-01
1.310598399953750537e+01 2.268507208534441943e+01 -1.993950375951427745e+01 -2.424010327875487647e+01 -7.320931027127483226e+00 -2.446354091922064811e+01 -4.826297781844369972e+00 2.861599046670205038e+00 9.013100886515761800e+00 1.929958595770081331e+01 2.225000691781838569e+01 5.583486612692623474e+00 -5.644851228937235454e+00
1.248401026987963824e+01 2.348284945171070248e+01 -9.966306178128267135e+00 -2.290045645684345388e+01 -1.326787103651244415e+01 -3.009731018251073920e+01 -1.651083354921805357e+00 -5.779812874816828150e-02 1.028646232374629399e+01 3.318200987367331578e+01 1.552483692088984846e+01 -9.974363354367518752e+00 -1.323049266795480600e-02
1.262984460568808842e+01 1.942234077063720221e+01 -1.199709029090467105e+01 -3.172950274012252336e+01 -2.323925653707409111e+01 -2.022088508085592551e+01 4.137825962154205728e-01 2.148643314354580891e+00 7.100275949736682080e+00 2.462741598613914817e+01 2.192047176257304386e+01 -2.542077581553272569e+00 3.218735324795752306e-01
1.860242331966197682e+01 2.636504732404690188e+01 -2.682541622583775265e+01 -1.299100128454806402e+01 -2.606682839192284362e+01 -4.011023945214836317e+01 3.404461306943737053e+00 1.237929514054374991e+01 1.857205640268209335e+00 9.299496515634119831e+00 2.239180868068392982e+01 1.457892208811891699e+01 -1.379426877627266634e+01
1.784761569335507758e+01 2.084049208356616845e+01 -1.199257274030408560e+01 -2.203111784811494545e+01 -2.117639682860445660e+01 -2.499058782860677397e+01 -1.553542447364461410e+01 4.320251461408387783e+00 1.665754810191415913e+01 1.938962798685408018e+01 1.952991609225880154e+01 1.036031161464348216e+01 -3.594287192508406559e+00
1.684546433772073826e+01 2.770000382803269900e+01 -7.707945585528356069e+00 -2.134230994310718543e+01 -2.160847904995285873e+01 -2.347804510193367733e+01 -8.853444116669560771e+00 8.605227315888592798e+00 6.299256264089594382e+00 6.633365820827393122e+00 2.611484191884046524e+01 2.159429818846814442e+01 -9.644362292567604911e+00
1.561768532761426975e+01 2.151660791608385281e+01 -1.598449440972224522e+01 -2.314822594395334576e+01 -2.244791651774614749e+01 -3.027765827306503610e+01 -8.699475302352265516e+00 1.717639422514314163e+01 7.127207999187163523e+00 2.117313140384577963e+00 2.454832412927846619e+01 2.342661338582081143e+01 -4.813412487349478575e+00
1.431977137220710183e+01 2.790513224644778134e+01 -1.087043369417806460e+01 -1.913790372807312679e+01 -2.349345780088784252e+01 -3.120411371537182177e+01 -3.926717530568211156e+00 9.096308483401658762e+00 3.627890098431456156e+00 1.572499048249489917e+01 2.907066614721849618e+01 7.318537412654525731e+00 -1.140436233473361582e+01
1.336377078508862759e+01 2.447501673554366519e+01 -1.283098758096193137e+01 -2.985842949391985712e+01 -2.450119247000593603e+01 -2.275793763515984480e+01 -1.987090851746948994e+00 5.463580357438827306e+00 2.444993816083627092e+00 1.289514346247621646e+01 2.320314022052187397e+01 1.129841189463431839e+01 -2.877661165476592675e+00
1.249639642589834665e+01 2.349627412775205570e+01 -1.356455237372615130e+01 -2.909627178430763905e+01 -1.532517251405483272e+01 -1.608651593707237026e+01 -8.028665397761599820e+00 -1.657474300835797498e+00 3.402012640753813155e+00 1.187134656147708789e+01 2.662749211770575997e+01 1.710142981698460929e+01 -3.978207243244266333e+00
1.179283720791306678e+01 1.943751289712331953e+01 -1.080699188861820659e+01 -3.023162475776682001e+01 -2.302462492830967022e+01 -2.007091777262452581e+01 -5.064456769426501914e+00 -1.169114689594896728e+00 3.423448939024843707e+00 1.986130355084309684e+01 2.693330045017932051e+01 5.887680649209745098e+00 -8.081578734852493895e+00
1.162625231936042702e+01 2.161240477967478313e+01 -6.703229247645902333e+00 -2.801699505567533066e+01 -2.104522959871865950e+01 -2.237320436676715829e+01 -5.049291109915121645e+00 -9.703571195917699566e-01 2.984797114462533596e+00 2.254488570953654047e+01 2.590031655857574222e+01 3.085456937831546842e+00 -6.696793392997494543e+00
1.877556973699494236e+01 1.545116885174892829e+01 -5.236900568979228154e+01 5.427796965896318770e-01 -1.604450051271384226e+01 -1.628439028905613739e+01 8.970947851848181998e+00 -1.632611986944585425e+01 2.859526777347452420e+00 1.469439624873443506e+01 -6.272138167910070727e+00 1.050137735338286582e+00 1.125337359163790651e+01
1.739463391042657747e+01 3.033542523333718322e+01 -5.630529943223111644e+01 5.599156608202618735e+00 -1.773104006976697633e+01 -1.312257151336498495e+01 1.475587144259065830e+01 -9.346068547540070881e+00 -4.985107554652912221e+00 5.798131819933231235e+00 1.183761205190514687e+01 1.788765660134223223e+00 1.107873437152783147e+01
1.645011576015714638e+01 1.290866189103133976e+01 -3.852862088532283735e+01 -1.851905527589285327e+01 -1.419135629312247815e+01 -1.132800141823200057e+01 8.809634886151178179e+00 -1.709605629674534555e+01 -3.905563322172218577e+00 2.553716857895896197e+01 -1.378317166631161550e+00 -1.864209034795910880e-01 2.285921074535224662e+01
1.585543749192455287e+01 1.414382725868312818e+01 -4.206618034686520247e+01 -2.593689247516668317e+01 -1.822797266604182909e+01 -1.275833193253393638e+01 8.254031167166774097e+00 -1.468509533123523880e+01 -3.223353019404372688e+00 2.470014654280426214e+01 1.704401621148061929e+00 1.131920521614908104e+01 3.377318855879896375e+01
1.529645140907643430e+01 3.086976098144628722e+01 -4.539425707295678336e+01 -1.476235604406557123e+01 -8.468700875225463776e+00 -1.574682995164636523e+01 2.191929633888042517e+01 -2.419216358171832226e+01 -1.644463556679627558e+01 2.225458056773582882e+01 2.885815086099210447e+00 2.828831485328136441e+00 2.323028680966406867e+01
1.463277547127392531e+01 2.008677044705481762e+01 -3.471861736403963050e+01 -3.149092553423592022e+01 -2.166206499848260236e+01 -2.056221968679398771e+01 -5.213979572211299152e-01 -1.313187978534873324e+01 -4.893598989651364306e+00 1.985304222483228287e+01 1.086739465806217941e+00 2.372022913900897478e+00 3.110592819746336701e+01
1.396349048249312830e+01 1.522955894053687054e+01 -2.643887327190673275e+01 -2.540824542419518295e+01 -2.934020415148474825e+01 -2.397478556035059682e+01 6.178411313127310400e+00 -1.268082748841366225e+01 -1.610300938210431099e+01 1.966002228879961322e+01 1.285924411528924693e+01 4.630723113667528423e+00 2.212697752640720594e+01
1.333292454074881483e+01 1.999424938610999192e+01 -2.605546767309632017e+01 -3.212423816458159109e+01 -1.833914747453302496e+01 -1.799955223452901976e+01 -9.931024749604869584e+00 -1.714020927730049593e+01 -3.430702061335775266e+00 2.111491207047767915e+01 1.133016952551969325e+01 5.062146394785978387e+00 1.999866318850425273e+01
1.279909193117242161e+01 1.864680327739147003e+01 -2.099752921514763315e+01 -3.056281140005120633e+01 -2.192505824000642178e+01 -2.150987453268948713e+01 -8.933884592020985949e+00 -1.340486526753623409e+01 -2.636486168942989483e+00 1.700233910992022857e+01 5.178099557125279695e+00 6.534276609866180863e+00 2.786522234397027731e+01
1.711811986920128703e+01 2.015116675786384448e+01 -3.768386663942861503e+01 4.428291003957559369e+00 -6.351354400922404331e+00 -2.577542895031371728e+01 1.823246054187344090e+00 5.776990913097886704e+00 5.040049344186178004e+00 -7.706041589256365398e+00 -9.366784842499637165e+00 4.980157515884253705e+00 1.051356246590927768e+01
1.691335351358425143e+01 2.714163840922068616e+01 -3.775672896870907636e+01 -1.989846007577962084e+01 -3.089457635620298070e+00 -3.014848802196556576e+01 -1.611416648848246069e+01 9.308653124764134645e+00 1.163349400341511775e+01 -1.265752100364641919e+00 -1.740520151316819408e+01 5.505465154979637177e+00 3.817951681172205980e+01
1.595245417739657867e+01 1.903595697201065917e+01 -3.328454568190762330e+01 -2.548247864243465699e+01 -9.840090448561786829e+00 -1.937589608533537344e+01 -1.158519319305245965e+01 2.086037868322843547e+00 1.825860971387656306e+01 9.969250257461206743e+00 -2.209295677734571228e+01 2.605323411530955369e+00 4.475635511938206434e+01
1.436012172822144706e+01 2.104706910950877941e+01 -2.968586407293545548e+01 -2.976529917196148745e+01 -1.157806533999320386e+01 -1.494636610165744095e+01 -8.832891068199328899e+00 -1.207343231766526470e+00 3.635988543850907195e+00 -2.017579056367152734e+00 -1.013444922685746619e+01 1.204560906577094315e+01 3.486288378047613179e+01
1.339271465542318396e+01 2.090306938249069191e+01 -4.017585614729863153e+01 -2.141789500658068590e+01 -6.215884009247504949e+00 -2.664371602427054597e+01 -1.990249696670720381e+00 2.602713185677598684e-01 -1.225473621741757668e+00 9.752335808265746309e+00 -1.421284616704672032e+01 -2.330043707249755958e+00 4.020412687113984873e+01
1.355275094415093129e+01 1.920161115321742429e+01 -3.217909781926239532e+01 -2.437884378322951306e+01 -1.435920846531662320e+01 -2.627685954885903286e+01 9.433012199262350350e+00 1.516627127586322210e+01 2.149325724728595954e+00 8.918477892118719552e+00 -2.250057503806254999e+01 -1.709377924045357133e+01 3.831844496016476853e+01
1.334608676947366490e+01 2.337360993200651649e+01 -2.029029811704820574e+01 -2.521411112218641293e+01 -2.009653451999714591e+01 -2.269866631991763484e+01 1.617907222591717087e+01 2.281636585047279553e+01 1.064043137262730454e+01 -9.880956545416886172e+00 -2.818553062079775984e+01 -3.529094135285039346e+00 3.218119804391971428e+01
1.253820481705961143e+01 2.199050543645391187e+01 -2.943678693935701318e+01 -2.842919947605840036e+01 -1.057627754514156670e+01 -2.046709751236399555e+01 1.751630799543518080e+01 1.485227667004309993e+01 9.544139693690261161e-01 -2.536738370130517950e+00 -2.150567344005011350e+01 -5.672974002216493172e-01 3.623531883782577268e+01
1.095266018032175737e+01 1.532405248881297766e+01 -2.904957824654706044e+01 -2.867334837946448545e+01 -9.348486765304258483e+00 -1.349937855312416524e+01 1.177233929248726518e+01 1.861668892765280248e+00 -4.217417719789865238e+00 -1.705662943232981288e+00 -1.332049168553823648e+01 3.900615691471413626e+00 3.257184773361591823e+01
1.828076397117395402e+01 1.712452818016543432e+01 -4.784813236148896465e+01 2.215059403756589163e+01 -1.882268241041945700e+01 -1.845382222310943376e+01 -4.378492389002999197e+00 -3.942790625899277757e+00 1.019770028581655552e+01 -1.079815467044558375e+01 -8.500242535411498324e+00 -4.827409104901148496e+00 3.320358033100270667e+00
1.766198135370876443e+01 1.841552550795314858e+01 -3.651565653968601310e+01 -1.090775412602559236e+01 -5.911886181247301586e+00 -3.358268768088458955e+01 -1.879066642310868573e+01 5.402624538809498667e+00 1.727451716950520932e+01 6.839936891598344282e+00 -1.557747571932683961e+01 -6.435054710553426816e+00 2.669334315935644852e+01
1.685162613020818867e+01 2.059336403079105438e+01 -4.194428618505180140e+01 -1.428164447423354488e+01 -7.761735557291631338e+00 -2.866334670946019969e+01 -1.131592838749114094e+01 -7.284010399870863850e+00 9.429061902043819998e+00 2.025866888902242025e+01 -1.830923197946665582e+01 -2.107248511870392349e+01 2.174094011653535219e+01
1.539207348978380274e+01 2.011002354434553752e+01 -3.498250589077220241e+01 -1.874159688286997749e+01 -1.399274973262361321e+01 -2.897962573841043721e+01 -5.777722852465426051e+00 -1.864148060090453196e+00 1.531732949046093140e+00 8.555764240720970193e+00 -1.468370379268157855e+01 -6.813907665346688347e+00 3.241652493167971016e+01
1.434891298506811808e+01 1.958279696927961666e+01 -4.490232924172061502e+01 -1.334600684561708306e+01 -6.896324102098770226e+00 -3.354803211852503608e+01 -6.220116621661287759e+00 -4.624190391114530563e+00 -4.499453639536896254e+00 1.466993119352044950e+01 -8.284751943274892838e+00 -1.406346684154728521e+01 2.997641999106462762e+01
1.428721432356083731e+01 1.943838826929345487e+01 -4.315377752547785661e+01 -1.247800901417334707e+01 -9.268890321095675233e+00 -4.187517789075255337e+01 9.979962823415764461e+00 6.527375029669964412e+00 -9.621741001705416130e-01 2.788693514887892633e+01 -1.968388939887269373e+01 -3.438925626373642075e+01 2.657759230544666096e+01
1.413711047041110191e+01 1.878924243084846069e+01 -2.965298366958770515e+01 -1.829533929907588785e+01 -1.748964613645940602e+01 -3.661206326816103740e+01 1.064080284904168039e+01 2.238690290405277494e+01 7.176227176714769840e+00 1.373352784996981057e+01 -1.768352497259364497e+01 -2.892071652842584939e+01 1.798260738562025907e+01
1.361458766428160061e+01 1.415567849806152800e+01 -3.323517992927506270e+01 -2.406839580269188872e+01 -2.057148863853843324e+01 -3.296507876691853056e+01 8.311909690598417555e+00 1.640908135679001489e+01 4.500809998880498597e+00 1.067924508682108709e+01 -1.925704684824569313e+01 -1.931663771750196190e+01 2.620622772426175473e+01
1.252636760110776848e+01 2.052324936461340954e+01 -3.427082667962339713e+01 -1.845777886513080190e+01 -3.753403067290201900e+00 -3.574795067377920077e+01 1.769213302066862070e+01 1.357083285483535562e+01 -8.780536490974760966e+00 1.578108654755563123e+01 -1.374308982017352143e+01 -2.133357916792366993e+01 2.866219865736083250e+01
1.698112708231949952e+01 2.921225547378299581e+01 -4.823892365299854390e+01 1.442421953789370903e+01 -8.701576971931562099e+00 -2.646982319536155615e+01 3.324112634786113851e-01 -5.280586622512282169e+00 8.141102311179356121e+00 -8.019212692909073681e+00 -1.283298825255740994e+01 -1.086697936365656592e+00 -4.113095672696439123e-03
1.682278519135008210e+01 1.774922261683245850e+01 -2.755704020603784343e+01 -1.879469655628917479e+01 -6.965905990860795427e+00 -2.845665253225784852e+01 -2.448222386096352565e+01 6.139770925422762815e+00 2.004668646268966370e+01 3.047859655007861601e+00 -1.710453604204866451e+01 -3.689203094924038417e+00 2.408679358182734376e+01
1.598637017549721584e+01 2.376541905593320791e+01 -3.269212121489626810e+01 -1.985433649019343605e+01 -4.918921620604352896e+00 -2.154335078165160411e+01 -1.494055749944454803e+01 -4.499031598984037927e+00 1.234613207366488474e+01 1.644951285300158261e+01 -1.925193141691951126e+01 -1.876433376629618976e+01 1.961808872705484319e+01
1.454931806948430228e+01 2.713048101121109923e+01 -3.052775884408728047e+01 -2.391366733991482008e+01 -1.067785468438147412e+01 -2.479127302530689647e+01 -8.213721357188774164e+00 7.426546465080653414e-01 2.791443442620129112e+00 7.682053240271828010e+00 -1.418649767590032873e+01 -6.051312950606900998e+00 3.100401804753442292e+01
1.336396030092797460e+01 2.499911582921379960e+01 -3.813032159678117239e+01 -2.092097422658517303e+01 -1.019183489181811453e+00 -3.050245165172474415e+01 -8.870399661341165753e+00 -1.421463162570719030e+00 -4.454400587757785246e+00 1.371887401363794368e+01 -9.222118964002486763e+00 -1.268750421845169640e+01 2.859593719178609916e+01
1.337012186706676076e+01 1.801467878236834252e+01 -3.514590710478087487e+01 -2.206974127474669345e+01 -1.304034012901649930e+01 -3.374744688325957043e+01 -1.667334632840552222e-01 8.367345357411966944e+00 3.039604060780668693e+00 2.115784879349742553e+01 -1.724699679654122164e+01 -3.064612231461205738e+01 2.320963422249849017e+01
1.333515228425692278e+01 2.084817112256962801e+01 -2.188633331555795891e+01 -2.365811502997914317e+01 -1.776316931899156515e+01 -2.866095580897164652e+01 5.731562856882147727e+00 2.178518170897035944e+01 1.208053078406330805e+01 8.085473684601016231e+00 -1.859690491950955149e+01 -2.532351272313064072e+01 1.497913058343741177e+01
1.280274315501408822e+01 1.606452863216748028e+01 -2.556618163399402022e+01 -2.865674281049727412e+01 -2.138250580573609483e+01 -2.359766009144989241e+01 4.792082196304486175e+00 1.464433368889458542e+01 1.099210318058840308e+01 6.916834896735719163e+00 -1.855008421347201875e+01 -1.387307069220996780e+01 2.058804339156543861e+01
1.165833859504365400e+01 1.780734320844377905e+01 -2.601664569006197780e+01 -2.444775951946343895e+01 -1.091835531852739472e+01 -2.289497999911554516e+01 9.058121170518202092e+00 1.020059587370945486e+01 -3.326783166278339254e-01 7.077923741702218052e+00 -1.475128700052379038e+01 -1.395552469120638506e+01 2.181447138712366041e+01
1.827678156487247207e+01 1.706568395512665148e+01 -4.777891196811889785e+01 2.230123044768727780e+01 -1.875911366320180207e+01 -1.849261952281325705e+01 -4.431232347469662436e+00 -3.935813142355331529e+00 1.004606621223896390e+01 -1.080924338049529787e+01 -8.482473394170364500e+00 -4.842952699929227833e+00 3.268658323001934818e+00
1.766470542647489239e+01 1.841589886285773403e+01 -3.653095678252149270e+01 -1.094481432841967461e+01 -5.895345644352094183e+00 -3.367419419949189319e+01 -1.881516369169255753e+01 5.382736107279935567e+00 1.724622850613805980e+01 6.908027046650586200e+00 -1.560422585997714684e+01 -6.372837588776178563e+00 2.663050307226023961e+01
1.685224778167361492e+01 2.071920411797577088e+01 -4.199883695176691134e+01 -1.428252485102886915e+01 -7.694892969232706825e+00 -2.867668601703769227e+01 -1.121214233795729598e+01 -7.253648928736450507e+00 9.275544186171270411e+00 2.026091581475932202e+01 -1.832862465881487424e+01 -2.095934887454358631e+01 2.169594945529346575e+01
1.539036563460699725e+01 2.007396864929640756e+01 -3.487623655552339130e+01 -1.887968677938997430e+01 -1.381555816424898175e+01 -2.901113808449004949e+01 -5.736096827308968749e+00 -1.761104236432389669e+00 1.247483095536005671e+00 8.747768394397658298e+00 -1.479224610221933034e+01 -6.636395340303323565e+00 3.234591731918630586e+01
1.434613026931939217e+01 1.940457292746541285e+01 -4.470593868141651939e+01 -1.340525425233047052e+01 -6.887178961905831898e+00 -3.337327740342512783e+01 -6.297725660961713601e+00 -4.621907699026925442e+00 -4.552168591736750258e+00 1.468591792752934388e+01 -8.294923166593184405e+00 -1.399479653452813999e+01 2.995673067506317722e+01
1.428697118323876580e+01 1.956318850549365607e+01 -4.325267747538286756e+01 -1.250972792077243945e+01 -9.093284808928554952e+00 -4.207412437680309836e+01 1.012127949621869050e+01 6.557868422175659795e+00 -1.005542538406922537e+00 2.784447515921816318e+01 -1.949379085511710485e+01 -3.471150263796210567e+01 2.697281470937063474e+01
1.413723701738275906e+01 1.866178006897585817e+01 -2.955628103827227093e+01 -1.829533080135421841e+01 -1.755518078371916246e+01 -3.663305483124014472e+01 1.094489240655754259e+01 2.179306144763583220e+01 7.894566122582249434e+00 1.313163382978391525e+01 -1.741278653189318248e+01 -2.883994200659309115e+01 1.765020508463458881e+01
1.361473355059012391e+01 1.414275913971175136e+01 -3.320731219260588318e+01 -2.410409666439405996e+01 -2.056469200314431944e+01 -3.289035274186751678e+01 8.148601026660745816e+00 1.657918266129779283e+01 4.455401672686226000e+00 1.052846484267445248e+01 -1.892209447285010171e+01 -1.968787958361100010e+01 2.648381155696506895e+01
1.252639873014085481e+01 2.054698620871166881e+01 -3.430896784829736390e+01 -1.839527892255549801e+01 -3.843520707448897067e+00 -3.561695490252812846e+01 1.748662007515448380e+01 1.387597366105164554e+01 -9.167101309922179198e+00 1.619439904947794773e+01 -1.409811452157823375e+01 -2.115214759482265805e+01 2.869264784504792942e+01
1.030299097282647836e+01 1.102836282011841718e+01 -3.068281802873693920e+01 -1.892962284176574528e+01 1.746286399312094451e-01 -3.305390447602938764e+01 2.844549746647340727e-01 4.568755833393854715e+00 -1.034827462518186358e+01 7.436778078023619010e+00 -5.734473611703511331e+00 -3.556590667708782405e+00 2.767821067877397212e+01
8.224538305008639583e+00 1.067833382024444555e+00 -1.934129000394342057e+01 -2.954554443571699096e+01 -8.366914339228747721e+00 -2.953088061977572210e+01 -7.179452625567987134e+00 2.575363123876200788e+01 1.991952204661512127e+01 7.504283940805485109e-01 -5.337048122538139872e+00 5.260141825803792415e+00 2.042142833406462543e+01
7.435569937426927289e+00 -2.038457477355284375e+00 -1.238061718012038348e+01 -2.956808652799425374e+01 -1.493781218782170050e+01 -1.163416617699299849e+01 2.007173374444829506e+01 1.646176080787375540e+01 -1.318422693354032393e+00 -7.333321612072177809e-01 -3.839748286937645361e+00 -1.019700887806408751e+01 9.104635312769497446e+00
5.907297712035876280e+00 -9.296626586870365472e+00 -7.132312548408408226e+00 -2.862120697664335367e+01 -1.322938235379820249e+01 -6.081859553958167020e+00 1.196120116581918857e+01 1.014805853132481950e+01 6.091379128044640545e+00 6.965951466414931348e-01 -1.457203747728805432e+01 -6.763790485800820207e+00 1.136899042060425735e+01
4.531845374727271114e+00 -2.149604644672737663e+01 -5.517378303975376319e+00 -2.114061765482025024e+01 -2.015250684510186829e+01 -4.741651389856313514e+00 6.615652058948337633e+00 1.185959691888660217e+01 9.354619209767177423e+00 4.084935660403322899e+00 -1.255780901986954357e+00 1.169236356545144462e+00 8.276909272953636432e+00
2.784705162534903078e+00 -2.036249453865918113e+01 -7.356753756454767590e+00 -9.365554604158345953e+00 -7.072887638026084112e+00 -1.205045562155258665e+01 -1.054509178906286060e+01 -6.397380976199193547e+00 3.226093328433369489e+00 1.043132912589856964e+01 8.374824581538327095e+00 7.652787317139303269e+00 1.513408212554528554e+01
2.784337089346365257e+00 -1.992904840091552998e+01 -6.139208175691361902e+00 -7.467066744361507524e+00 -6.061866916931789362e+00 -1.120974565972385584e+01 -1.249728403040191971e+01 -8.965497216296906657e+00 4.200047866704736954e+00 9.369847738317760744e+00 8.923583392446895246e+00 2.843349602946233734e+00 9.442386375701861567e+00
3.348103082263547581e+00 -2.189278161727339622e+01 -9.929295502218208114e+00 -8.034205907220016485e+00 -2.127889476974509808e+00 -4.198984154169331795e+00 -6.826500047407749960e+00 -9.404974522522755009e+00 1.387244464335859462e+00 1.222559182469111150e+01 1.447563643164941816e+01 5.755386855205193442e+00 8.656371591097684615e+00
3.100399808339700414e+00 -2.084155121967908286e+01 -7.106603551011345665e+00 -6.152443416364628881e+00 -1.076631537552119822e+00 -1.043022238429196769e+01 -1.101458965403520907e+01 -5.162288321721877793e+00 5.503034813891794386e+00 9.761965878508609862e+00 1.471850887706147226e+01 1.503987095407973840e+01 1.250740950277882924e+01
1.879699041481924127e+01 3.949344312554923420e+01 -4.902052972969635647e+01 4.178953087650159937e+00 -1.987312577812189218e+01 -1.275014939423264693e+01 8.067754529669603158e+00 1.081603332147185093e+01 -8.573034659597954743e+00 -5.626429007145991035e-01 -3.016729855586079978e+00 -9.730834570479029111e+00 1.034908569510475829e+01
1.840967474769787060e+01 3.660340119721949037e+01 -3.988983822074146701e+01 -1.895142028362574749e+01 -4.937375917237041278e+00 -2.123160213509969196e+01 -1.431561806753904209e+00 -1.653052300341358638e+00 -6.452436831425101715e+00 -7.354057554758917092e+00 -2.226100992631594622e+01 -8.732877002098991426e+00 8.416118571433692352e+00
1.775488653942571560e+01 3.737937298234275829e+01 -3.270728330905008363e+01 -2.569165285398805310e+01 -7.765367783265753054e+00 -1.997024740752137717e+01 -7.123221410934365672e+00 -2.791062983215929272e+00 -1.241878626593386947e+01 -1.478871183716749194e+01 -1.789608092775345227e+01 -7.701132821749535395e+00 8.137589816398964615e+00
1.843670147574451335e+01 3.431540644092142855e+01 -3.488026000548025962e+01 -1.214608744294516463e+01 -5.719235697825595821e+00 -2.432812895987780166e+01 9.684844981321166557e+00 7.507612716814803910e+00 -6.942512088731991327e+00 5.673939030315849230e+00 -5.460855461980631986e+00 -1.146646987321378752e+01 3.294873575268543409e+00
1.794591732947051455e+01 3.864247079042429789e+01 -3.705468967591956186e+01 -2.291428499006617159e+01 -3.407668289433814834e+00 -2.031214181671843733e+01 -2.635305852258140735e+00 -6.433069126700931006e-01 -6.691451614132346570e+00 -7.442092928355877213e+00 -2.334331282589731060e+01 -1.342990966929905916e+01 6.694982551602993048e+00
1.729073464067804977e+01 4.304651358795277361e+01 -3.460465505010903797e+01 -2.614549673131567076e+01 -5.827394462353645999e+00 -2.012861755642350658e+01 -5.692992156733184039e+00 -1.180333505453395215e+00 -1.365060691318680064e+01 -1.537399014311877821e+01 -1.849658173873205413e+01 -8.950695935785727642e+00 7.210961736618489937e+00
1.861184003390150110e+01 3.426451141519047638e+01 -4.059600206181766424e+01 -5.358591394060330693e+00 -1.090264648267450731e+01 -2.132339795448342201e+01 1.331243150732802327e+01 7.684744553744487838e+00 -5.163624133527760840e+00 3.566454512621911377e+00 -5.218918203325939587e+00 -1.095542778919255511e+01 7.880349468745627917e+00
1.820746378312785296e+01 3.923762200395356103e+01 -4.218125851106534441e+01 -1.789787855788566162e+01 -5.137642169494907485e+00 -2.175310701409053493e+01 1.581854638800404222e+00 -1.609644423638503241e+00 -7.315813510797041452e+00 -5.997818989143183011e+00 -2.531259046066141494e+01 -1.121616527206326808e+01 8.806192201484813964e+00
1.756223274057058603e+01 3.838192202373483752e+01 -3.339995074994291713e+01 -2.548717667886851501e+01 -7.090457063527148662e+00 -1.967834322978679040e+01 -5.722737969267207347e+00 -2.044727128145519046e+00 -1.300205202258267434e+01 -1.552520963591793013e+01 -1.870451613958034898e+01 -8.509580659349939680e+00 8.028618681785143707e+00
1.811053196039752677e+01 3.391214323557905175e+01 -2.747439940442299289e+01 -1.942431785971545821e+01 -5.391439630235467462e+00 -1.968282221789218767e+01 2.807534681831648005e+00 9.656690564674541122e+00 -5.588899835356742507e+00 1.670123947555471222e+00 -1.966842233197454659e+00 -1.059478951272410896e+01 -7.832091475618574439e-02
1.755951856719680038e+01 3.681116021688443141e+01 -2.819003296971489547e+01 -2.891591473763583053e+01 -4.801086236933028495e+00 -1.400034838073610111e+01 -1.023791415604256017e+01 3.836693269873023282e-01 -2.699009410326476566e+00 -1.122380985670272935e+01 -2.060399335580832414e+01 -1.276237413505682738e+01 3.234504634934588285e+00
1.690228424532399032e+01 4.242482839591131238e+01 -2.741442814845440523e+01 -3.074618813062402367e+01 -7.904109314146312570e+00 -1.504622254476629628e+01 -9.384867287285034720e+00 -1.377435576933480288e+00 -1.054825670012442806e+01 -1.743644662827347247e+01 -1.754319594588778486e+01 -7.494615016673840557e+00 5.280706886590937899e+00
-3.604365338911715355e+01 0.000000000000000000e+00 -3.207631722481915547e-14 0.000000000000000000e+00 2.392679895532167191e-13 0.000000000000000000e+00 -2.059301670267279590e-13 0.000000000000000000e+00 3.072791695244254868e-13 0.000000000000000000e+00 -3.277697551616779395e-13 0.000000000000000000e+00 3.594848034474519512e-13
