1.660756101080529490e+01 -8.766162555123281630e-02 -5.231212906118738459e+00 -3.037396646955509283e+01 -3.036694356584110110e+01 -1.845922987171252672e+01 -6.849197028538553056e+00 -1.088404409620412672e+01 -1.812223182606804173e+01 -2.083657283236860280e+01 -1.411805549479484334e+01 -8.468969003124044548e+00 -7.289789466326597633e+00
1.601723338469626157e+01 2.845001931059765354e+01 -1.290676027517436530e+01 -2.782860781883332280e+01 -1.706770209673867811e+01 -1.178249105164710464e+01 -7.399244112605023460e+00 6.224319655271358664e-01 -4.352705151692565444e+00 -1.995390647878001289e+01 -1.437664838583567573e+01 3.366854267555373426e+00 1.443328860807693070e+00
1.560522695469049914e+01 2.457970661715947358e+01 -1.406515105572703916e+01 -3.099964414250398903e+01 -2.483772438525933524e+01 -2.061657509101663521e+01 -1.522962468054726237e+01 -6.069468818919458997e+00 -8.284349005978899783e+00 -2.119045143720100555e+01 -1.462027493771922515e+01 4.209815323219488370e+00 1.923770605446367021e+00
1.850305976722012957e+01 2.759562042857952591e+01 -5.278783075882667930e+01 3.659530141193048980e+00 -1.056264149378076844e+01 -3.355409765272704181e+00 -2.159955379737491743e+00 -2.421452445130772091e+01 -5.271709543547595800e+00 -1.103992771233307124e+01 -7.783586963110226797e+00 7.146900640572144248e+00 1.320835338088261146e+01
1.782908894388086907e+01 2.476441403493029014e+01 -3.843536294685854671e+01 -1.974956885323257438e+01 1.601169798845308190e+00 1.597028745320016929e+00 -7.164823722721338939e+00 -2.098953146596040753e+01 1.600321967341696572e-01 -4.017042213936843353e+00 -1.627977650574936419e+01 6.991752916453369160e+00 1.358339555582148961e+01
1.640068837224479026e+01 3.068489508371461127e+01 -4.181945637587963915e+01 -1.571748660597945069e+01 -1.215161912464177441e+01 -1.698480090905694340e+01 2.687141025804987038e+00 -2.202708175394243284e+01 -1.316536093302818777e+01 4.963936376675217588e-01 -1.574500676872527372e+01 3.145793699500400553e+00 1.706068225020464268e+01
1.878797198239212207e+01 2.481337983367329869e+01 -5.378112208357364921e+01 1.086597652995077823e+01 -1.002409174303939388e+01 7.980991401411461350e-01 -9.189778888311195715e+00 -2.571499474457154122e+01 -4.153471764668254629e+00 -1.523866417451742095e+01 2.898814997371339519e+00 1.729617366571685722e+01 1.467058200248385269e+01
1.790539200278670862e+01 1.821112216443428977e+01 -4.177632820809149194e+01 -1.511094991004822496e+01 6.007755870452887059e+00 -1.872001854310472391e+00 -1.204505595300599730e+01 -1.814390599965679485e+01 -5.883794021752586367e+00 -1.761482932879721730e+01 -8.512769651019169714e+00 1.907435425897015691e+01 1.755835445957611540e+01
1.645364889917609474e+01 1.918419624736680973e+01 -3.704014312720382662e+01 -1.688309446872056085e+01 -6.196404947136424646e+00 -9.441820417940762766e+00 -5.854457784890141347e+00 -2.014548442428285213e+01 -1.218073009499192594e+01 -1.623952540042705195e+01 -1.477338906461958601e+01 1.758135307772091593e+01 2.217175989038909023e+01
1.570468397122007076e+01 2.426654925785107864e+01 -4.050746977525941617e+01 -1.112592137211519017e+01 8.449578190463581662e-02 -1.916429383665114372e+01 -1.809490793174990131e+01 -1.433342153012275233e+01 -3.184751171779385714e+00 -2.673910133396973166e+01 -1.515627495419248660e+01 2.198393748354327570e+01 1.118779677001891848e+01
1.537009482353621337e+01 2.018467452673913698e+01 -3.647528513721577070e+01 -1.852716876020771153e+01 4.420530152916563260e+00 -1.286827946874924677e+01 -3.105283491049672406e+01 -2.553399468211276968e+01 4.269074498838270060e-01 -1.076469015087689129e+01 -1.403385124745469348e+01 1.806011559746302098e+01 1.454311694260424126e+01
1.475390284478523917e+01 2.510678602778246216e+01 -3.306233909883419386e+01 -2.394321431554709179e+01 6.315873631771336427e+00 -7.516767482224240737e+00 -3.281654450090917408e+01 -3.546825989213371599e+01 -6.507934940598560480e+00 -1.469604997473897834e+00 -9.906180301396062760e+00 6.257329998438870611e+00 1.695047560597954828e+01
1.821928449986421228e+01 1.870963143696799236e+01 -5.132921781204861844e+01 2.554219411014282670e+01 -2.648304564192882538e+01 -7.904558920946103129e+00 -5.530500604873899384e+00 8.496870871531090330e+00 7.955097517785186589e+00 -1.042144570562730443e+01 -1.580925437015978208e+00 -1.474518772995601357e-01 1.133602627600033408e+01
1.761548537621361987e+01 2.405157186983892004e+01 -4.696907387247389210e+01 -9.648640777934778257e+00 -1.078701151118352897e+01 -3.097004157190974638e+01 -1.397447597518773144e+01 3.012519083300433387e+00 1.334062966460327360e+01 -1.834067709681487912e+00 -1.618526006918132865e+01 5.649977167685486634e+00 3.945619540786776014e+01
1.666566661325550314e+01 1.751323118448311789e+01 -3.854364773107318598e+01 -1.769905162751236816e+01 -8.160002480101059774e+00 -2.357950851690771898e+01 -6.486639577214432961e+00 2.408139427853083436e+00 1.471288968716873491e+01 1.255318263950169566e+01 -2.238115918777778290e+01 -2.347459751373670134e+00 4.708284104865889930e+01
1.779572060156541013e+01 1.989706270005967070e+01 -4.575941110388422572e+01 -1.381359165135416056e+01 -7.848464306941479229e+00 -1.963705588592352669e+01 5.436945130214373201e+00 -1.007929765739115879e+01 -1.512429445785617110e+00 1.675532079209265035e+01 -6.665026579712178822e+00 1.093339877823658934e+00 1.367797331869236466e+01
1.649790740442279358e+01 2.906810081204041651e+01 -4.357187070895903958e+01 -1.488672231744904906e+01 -2.559313338657760450e+00 -1.749981681453569493e+01 1.051887825457377090e+01 -1.701684014654662569e+00 -1.194144492615560971e+01 1.042551172028969830e+01 8.488242410543300309e+00 5.443700309996701847e+00 9.484389682994242676e+00
1.552582293125299273e+01 2.083615762686185491e+01 -3.570271348646788567e+01 -2.314859009042870497e+01 -1.112014987623435758e+01 -8.948505278705722432e+00 7.367951704718461059e+00 -1.320819310615470776e+01 -4.353183078261243288e+00 2.591419480079997584e+01 5.210093573004391798e-01 -3.180114054747614549e+00 2.334273810970008611e+01
1.495777361593329324e+01 1.915839012566906518e+01 -3.580533988224392772e+01 -3.175859722241277439e+01 -1.445046498664224188e+01 -8.205287219699878065e+00 2.432460306216599921e+00 -1.131745411961671444e+01 -1.368078881214479958e+00 1.982843129744347976e+01 3.919386573222843229e+00 1.026475089908477756e+01 2.875378475604990314e+01
1.441534700294262983e+01 2.957110878383593899e+01 -3.507453161145018328e+01 -2.771001113644101466e+01 -6.581752109006320239e+00 -9.411760958427063173e+00 1.064015728436229935e+01 -1.619587529461259834e+01 -1.767819723202711657e+01 1.970655102758332688e+01 8.859140867594648583e+00 -1.803009511576493917e+00 2.532872583707999681e+01
1.380338401382655000e+01 2.487637464587377067e+01 -2.688951121818102408e+01 -3.542146832032667447e+01 -1.871115330015746636e+01 -1.236810990547473388e+01 -3.092335313839806865e+00 -1.204015010226743776e+01 -1.054309433525248085e+00 1.516031850852992768e+01 3.600362051125986174e+00 3.252480734690113451e+00 2.949837189555054096e+01
1.316753396642074847e+01 2.138286469658752509e+01 -1.944465564492180221e+01 -2.806712357894539878e+01 -2.606732884954336527e+01 -1.595655410160130039e+01 4.378042854413572549e+00 -1.073887218134714061e+01 -1.126171452677504270e+01 1.731769598654913267e+01 1.419952276218786302e+01 5.177318066873006330e+00 1.949316501675648183e+01
1.253316216337917233e+01 1.848468349594479676e+01 -2.328004682039955853e+01 -3.941971543700599767e+01 -2.355335054582764442e+01 -1.676731954840203898e+01 -1.627075595907821537e+01 -1.921292739781402048e+01 -3.740180711878931863e+00 1.580007733546325177e+01 1.236164504076125148e+01 7.843377597739637608e+00 1.540136827456857205e+01
1.204268896534905409e+01 1.708484191427418253e+01 -1.996120548368923409e+01 -3.812013493307773615e+01 -2.836984746507742727e+01 -2.280206513245739330e+01 -1.627246275927713270e+01 -1.690460738266182261e+01 -1.858814772862754428e+00 9.001339926083195664e+00 7.585923935735364054e+00 6.346705124168690482e+00 2.175577700431518480e+01
1.878978639945594153e+01 1.534057778633578906e+01 -5.194518122910459823e+01 -8.140874823541331684e-02 -1.629864062769435762e+01 -1.700381545189139842e+01 8.906707641007574949e+00 -1.602192676513840652e+01 3.340845364723612043e+00 1.516816238539687056e+01 -6.051998499821534594e+00 1.031958795393663753e+00 1.125208854712677642e+01
1.739160813603921696e+01 3.049442797574263508e+01 -5.698071397579346353e+01 6.078131522216051685e+00 -1.815050348997900898e+01 -1.234397163948670340e+01 1.473442468581571596e+01 -9.028249443625593784e+00 -5.273552631241138045e+00 5.554780133542953635e+00 1.192175336133366237e+01 2.002425409623620478e+00 1.119720790660566223e+01
1.644282982310020103e+01 1.277767926489118189e+01 -3.855126556006960215e+01 -1.843062435459071224e+01 -1.380955789087479246e+01 -1.108570234844224522e+01 9.125142053132080378e+00 -1.721965185582796565e+01 -3.916507679692524668e+00 2.531074847792744009e+01 -1.395488350656126864e+00 -2.823305754591829975e-01 2.296084522622425084e+01
1.585176068019908868e+01 1.408145297349050118e+01 -4.205315324433257018e+01 -2.596331186302797889e+01 -1.819693989342056639e+01 -1.269411026132469722e+01 8.274388182988126061e+00 -1.460218247729896746e+01 -3.241630514876209901e+00 2.474356943154105437e+01 1.635232378039257251e+00 1.137954202115320790e+01 3.364988327200432394e+01
1.529660746713055275e+01 3.040979524310738213e+01 -4.470954293283401171e+01 -1.556241854313916484e+01 -7.698812104349933350e+00 -1.667153105582845285e+01 2.285690959774458975e+01 -2.506962438160713091e+01 -1.561331047101155356e+01 2.190487572431666052e+01 2.961016809073639067e+00 2.870056285445184319e+00 2.306778749171846599e+01
1.463431553363301951e+01 2.014964973960357497e+01 -3.478155452631717992e+01 -3.153952352849021779e+01 -2.154730962911395409e+01 -2.093673041943917923e+01 -4.926182729229192092e-02 -1.369073898158008440e+01 -4.479268501663166369e+00 1.958875034726424147e+01 1.254564877828030722e+00 2.253234934180853077e+00 3.128690683738338763e+01
1.396469007392386885e+01 1.521252234479086418e+01 -2.645953385687242587e+01 -2.535202655233237223e+01 -2.951790996477831541e+01 -2.389422244942496931e+01 6.206011059091324888e+00 -1.289433884301266886e+01 -1.587282267381142553e+01 1.942089857767743766e+01 1.299779755591940322e+01 4.628085524183455313e+00 2.207998214379602686e+01
1.333371762941646921e+01 2.006744114359619857e+01 -2.618189677828835826e+01 -3.190804775208541244e+01 -1.864040879167199094e+01 -1.778540529898049627e+01 -9.886885534338706094e+00 -1.752009653648061516e+01 -2.841818680541498221e+00 2.048517700160815735e+01 1.194300825828803170e+01 4.432401184473672373e+00 2.082983053175614785e+01
1.279969221297080573e+01 1.846551930370641514e+01 -2.082577273050545230e+01 -3.069297779035230178e+01 -2.205759984536350871e+01 -2.138850527987301930e+01 -9.045741724139485740e+00 -1.341625984823069118e+01 -2.692760910029764698e+00 1.711979047231288575e+01 5.156536262741599153e+00 6.385358669999208203e+00 2.806624262912882628e+01
1.222585528869754512e+01 2.156400732438178380e+01 -1.448769968609000891e+01 -2.848859956732949428e+01 -2.250142133088873209e+01 -2.701616001918864995e+01 2.643062190685141033e+00 6.688619963030615345e-01 -1.865272956099384816e+00 1.106374987241547814e+01 -2.041301823590819353e+00 8.103464958157649889e+00 3.362362339574143277e+01
1.018134632739589485e+01 1.384002605551146026e+01 -1.206186097510923005e+01 -3.197347749490831603e+01 -2.203800808029913583e+01 -2.474163954473962690e+01 -5.410986292590994395e+00 2.586020911364182329e+00 4.703955362803190710e+00 -3.156860928449065185e+00 -6.057627766496666233e+00 1.722360918117420425e+01 3.746706983190285456e+01
8.020171251961677683e+00 7.208710065165387704e+00 -6.571380227302732635e+00 -3.942464007042831042e+01 -1.540333524870644055e+01 -1.373611252928774817e+01 -1.294314417885802548e+01 -1.224741777793854514e+00 4.508189394771886960e+00 1.922191910144128935e+00 6.735302924708644667e+00 1.785249922414779888e+01 2.373198455292004638e+01
6.012574353442317054e+00 -5.443591508550055913e+00 -1.163912700339250428e+00 -3.521971148175055788e+01 -2.135725950043520527e+01 -1.353338809896983719e+01 -1.071243073218643183e+01 -1.532667160449063459e+01 -2.410288865758513754e+00 1.713640961510245830e+01 1.965165162962582812e+01 1.747126676686524860e+01 2.134446244560029982e+01
4.995880785287452497e+00 -1.490654564872916765e+01 3.904788679534886953e+00 -2.684420068159963435e+01 -2.372527498507083266e+01 -1.840618058215733299e+01 -1.588871707951119738e+01 -1.706077761192260667e+01 -1.519345524537618342e-01 2.305686923917931352e+01 2.859427510540328399e+01 1.825915475228464402e+01 1.059611947252387587e+01
4.143051450419415360e+00 -1.982053001001629511e+01 -2.235574169163988767e+00 -1.423280880032213958e+01 -2.000596029619239502e+01 -1.127434256370882260e+01 -1.257377984128510384e+01 -8.906865256857763313e+00 1.223514744512427121e+01 8.028562714059580330e+00 2.312678220857849354e+01 3.084329623843916579e+01 1.662863481714240166e+01
3.330849562846120993e+00 -2.315943323256688657e+01 -9.651785992188065322e+00 -1.012365744327622963e+01 -9.112607465613365321e+00 -1.896208531718535539e+01 -1.085034029739500383e+01 9.703969847724787101e+00 8.085785560463181199e+00 8.291192961512861004e+00 2.526713691998149969e+01 2.446936745009135450e+01 2.252621547835461158e+01
2.907407178108027956e+00 -2.081262020143169877e+01 -6.277535774984404959e+00 -7.401329081848190938e+00 -6.239645054662355861e+00 -9.748966171777777134e+00 -7.892431864925061547e+00 -4.756460746820527774e+00 7.910448510098572861e+00 2.086997205995876925e+01 2.470346414457243256e+01 1.868517665277263617e+01 1.798189435416547255e+01
2.901602602344055537e+00 -2.260108973538023136e+01 -7.774279718332667954e+00 -6.143036317734887675e+00 -4.213270415599404295e+00 -1.284628951941691710e+01 -1.515539417816537160e+01 -9.016256449282744612e+00 8.232496673718710412e+00 2.267790623231103453e+01 2.987644901472043202e+01 2.565195215846380705e+01 1.520002322393939487e+01
1.489615553873619103e+00 -1.403888946038412122e+01 -9.116417550419524396e-01 -4.015526593588320203e+00 -3.688656006577737401e+00 -9.681080826322615351e+00 -1.164049895823007219e+01 -1.220349658459477027e+01 -4.729918332590864694e+00 5.194411253829476216e+00 1.352013732136397373e+01 1.127370332748205506e+01 2.089504357349120767e+00
-3.604365338911715355e+01 0.000000000000000000e+00 -3.207631722481915547e-14 0.000000000000000000e+00 2.392679895532167191e-13 0.000000000000000000e+00 -2.059301670267279590e-13 0.000000000000000000e+00 3.072791695244254868e-13 0.000000000000000000e+00 -3.277697551616779395e-13 0.000000000000000000e+00 3.594848034474519512e-13
-3.604365338911715355e+01 0.000000000000000000e+00 -3.207631722481915547e-14 0.000000000000000000e+00 2.392679895532167191e-13 0.000000000000000000e+00 -2.059301670267279590e-13 0.000000000000000000e+00 3.072791695244254868e-13 0.000000000000000000e+00 -3.277697551616779395e-13 0.000000000000000000e+00 3.594848034474519512e-13
-3.604365338911715355e+01 0.000000000000000000e+00 -3.207631722481915547e-14 0.000000000000000000e+00 2.392679895532167191e-13 0.000000000000000000e+00 -2.059301670267279590e-13 0.000000000000000000e+00 3.072791695244254868e-13 0.000000000000000000e+00 -3.277697551616779395e-13 0.000000000000000000e+00 3.594848034474519512e-13
-3.604365338911715355e+01 0.000000000000000000e+00 -3.207631722481915547e-14 0.000000000000000000e+00 2.392679895532167191e-13 0.000000000000000000e+00 -2.059301670267279590e-13 0.000000000000000000e+00 3.072791695244254868e-13 0.000000000000000000e+00 -3.277697551616779395e-13 0.000000000000000000e+00 3.594848034474519512e-13
-3.604365338911715355e+01 0.000000000000000000e+00 -3.207631722481915547e-14 0.000000000000000000e+00 2.392679895532167191e-13 0.000000000000000000e+00 -2.059301670267279590e-13 0.000000000000000000e+00 3.072791695244254868e-13 0.000000000000000000e+00 -3.277697551616779395e-13 0.000000000000000000e+00 3.594848034474519512e-13
-3.604365338911715355e+01 0.000000000000000000e+00 -3.207631722481915547e-14 0.000000000000000000e+00 2.392679895532167191e-13 0.000000000000000000e+00 -2.059301670267279590e-13 0.000000000000000000e+00 3.072791695244254868e-13 0.000000000000000000e+00 -3.277697551616779395e-13 0.000000000000000000e+00 3.594848034474519512e-13
-3.604365338911715355e+01 0.000000000000000000e+00 -3.207631722481915547e-14 0.000000000000000000e+00 2.392679895532167191e-13 0.000000000000000000e+00 -2.059301670267279590e-13 0.000000000000000000e+00 3.072791695244254868e-13 0.000000000000000000e+00 -3.277697551616779395e-13 0.000000000000000000e+00 3.594848034474519512e-13
-3.604365338911715355e+01 0.000000000000000000e+00 -3.207631722481915547e-14 0.000000000000000000e+00 2.392679895532167191e-13 0.000000000000000000e+00 -2.059301670267279590e-13 0.000000000000000000e+00 3.072791695244254868e-13 0.000000000000000000e+00 -3.277697551616779395e-13 0.000000000000000000e+00 3.594848034474519512e-13
-3.604365338911715355e+01 0.000000000000000000e+00 -3.207631722481915547e-14 0.000000000000000000e+00 2.392679895532167191e-13 0.000000000000000000e+00 -2.059301670267279590e-13 0.000000000000000000e+00 3.072791695244254868e-13 0.000000000000000000e+00 -3.277697551616779395e-13 0.000000000000000000e+00 3.594848034474519512e-13
-3.604365338911715355e+01 0.000000000000000000e+00 -3.207631722481915547e-14 0.000000000000000000e+00 2.392679895532167191e-13 0.000000000000000000e+00 -2.059301670267279590e-13 0.000000000000000000e+00 3.072791695244254868e-13 0.000000000000000000e+00 -3.277697551616779395e-13 0.000000000000000000e+00 3.594848034474519512e-13
-3.604365338911715355e+01 0.000000000000000000e+00 -3.207631722481915547e-14 0.000000000000000000e+00 2.392679895532167191e-13 0.000000000000000000e+00 -2.059301670267279590e-13 0.000000000000000000e+00 3.072791695244254868e-13 0.000000000000000000e+00 -3.277697551616779395e-13 0.000000000000000000e+00 3.594848034474519512e-13
-3.604365338911715355e+01 0.000000000000000000e+00 -3.207631722481915547e-14 0.000000000000000000e+00 2.392679895532167191e-13 0.000000000000000000e+00 -2.059301670267279590e-13 0.000000000000000000e+00 3.072791695244254868e-13 0.000000000000000000e+00 -3.277697551616779395e-13 0.000000000000000000e+00 3.594848034474519512e-13
-3.604365338911715355e+01 0.000000000000000000e+00 -3.207631722481915547e-14 0.000000000000000000e+00 2.392679895532167191e-13 0.000000000000000000e+00 -2.059301670267279590e-13 0.000000000000000000e+00 3.072791695244254868e-13 0.000000000000000000e+00 -3.277697551616779395e-13 0.000000000000000000e+00 3.594848034474519512e-13
-3.604365338911715355e+01 0.000000000000000000e+00 -3.207631722481915547e-14 0.000000000000000000e+00 2.392679895532167191e-13 0.000000000000000000e+00 -2.059301670267279590e-13 0.000000000000000000e+00 3.072791695244254868e-13 0.000000000000000000e+00 -3.277697551616779395e-13 0.000000000000000000e+00 3.594848034474519512e-13
-3.604365338911715355e+01 0.000000000000000000e+00 -3.207631722481915547e-14 0.000000000000000000e+00 2.392679895532167191e-13 0.000000000000000000e+00 -2.059301670267279590e-13 0.000000000000000000e+00 3.072791695244254868e-13 0.000000000000000000e+00 -3.277697551616779395e-13 0.000000000000000000e+00 3.594848034474519512e-13
-3.604365338911715355e+01 0.000000000000000000e+00 -3.207631722481915547e-14 0.000000000000000000e+00 2.392679895532167191e-13 0.000000000000000000e+00 -2.059301670267279590e-13 0.000000000000000000e+00 3.072791695244254868e-13 0.000000000000000000e+00 -3.277697551616779395e-13 0.000000000000000000e+00 3.594848034474519512e-13
-3.604365338911715355e+01 0.000000000000000000e+00 -3.207631722481915547e-14 0.000000000000000000e+00 2.392679895532167191e-13 0.000000000000000000e+00 -2.059301670267279590e-13 0.000000000000000000e+00 3.072791695244254868e-13 0.000000000000000000e+00 -3.277697551616779395e-13 0.000000000000000000e+00 3.594848034474519512e-13
1.879698744457655479e+01 3.951175986926408257e+01 -4.904774808578886791e+01 4.211814929498535420e+00 -1.990804273844129568e+01 -1.271542342719350671e+01 8.033319851566512071e+00 1.085148079547275657e+01 -8.611526109203621715e+00 -5.185995827205454045e-01 -3.068375718609096303e+00 -9.671691172619295784e+00 1.028477334863805304e+01
1.840967606263353673e+01 3.660341097606703187e+01 -3.989025364414790431e+01 -1.895035375002167655e+01 -4.938786929512790635e+00 -2.123072927821409195e+01 -1.431022697259015430e+00 -1.654877879329535117e+00 -6.450543247590720952e+00 -7.354854785939650696e+00 -2.226138174639726586e+01 -8.732181805884383863e+00 8.416111937720156533e+00
1.775488479216160798e+01 3.737793505109643633e+01 -3.270696162753136349e+01 -2.568970421651125946e+01 -7.768256008270267188e+00 -1.996926131006172511e+01 -7.120163981085977589e+00 -2.796722076302321724e+00 -1.241368970889214474e+01 -1.479172306997631026e+01 -1.789236016464159817e+01 -7.707964664283766254e+00 8.146781715791886924e+00
1.721328943555056767e+01 3.200206520596414350e+01 -1.824845304748274799e+01 -3.090002726328904004e+01 -1.689202214168369309e+01 -1.104386842968091642e+01 -4.259876280263116932e+00 -3.205992965819767893e+00 -1.064887589036204751e+01 -1.759916845833013355e+01 -1.193065311514591009e+01 -1.069933509175464703e+00 -2.946394076411265051e+00
1.681601878234794967e+01 2.781591628006367856e+01 -1.732437149615208938e+01 -2.799993817554337383e+01 -1.276732559031481884e+01 -1.214291063759600675e+01 -9.819991555893258450e+00 1.966164708660532057e+00 -2.842106618194617518e+00 -2.016755814007909464e+01 -1.545046091320862836e+01 2.545262700084957697e+00 2.114892943626852873e+00
1.639475915113912308e+01 2.744882738028141844e+01 -1.626897835044472984e+01 -2.844109818876185614e+01 -1.708673457980776789e+01 -1.757638603757422047e+01 -1.400534131014377337e+01 -8.511405675470310461e-01 -2.927120809641665655e+00 -1.832697295137267091e+01 -1.423527982949262238e+01 6.109416738032365402e+00 7.076764148057636206e+00
1.837095032735746614e+01 2.739276050639855953e+01 -4.975902532417713076e+01 -5.886757584399496812e-01 -8.637453853191153996e+00 -7.989873406982328952e+00 -1.910444731046460953e+00 -2.426929622385188168e+01 -3.796806204427207732e+00 -7.278838808671779681e+00 -6.664528488527256656e+00 8.204425662185693469e+00 1.098127213412547398e+01
1.767035258190281866e+01 2.646686558528616473e+01 -3.866507153018141452e+01 -2.010133708402673136e+01 9.235410425060837092e-01 -9.631721018053797378e-02 -8.289650026367262114e+00 -2.094320000494825251e+01 1.176126440359499536e+00 -2.481351901147478500e+00 -1.478095462092891665e+01 7.600229020308676198e+00 1.276766730276387207e+01
1.623774501666716219e+01 3.139006322050292397e+01 -4.207720771930065240e+01 -1.671285886076021043e+01 -1.253187199384074368e+01 -1.836708677091633390e+01 1.939801701533246048e+00 -2.211445184198430169e+01 -1.309906228811690987e+01 1.607008011784047508e+00 -1.487818353099559054e+01 3.808796194032395110e+00 1.691278647473382080e+01
1.778992776075840965e+01 3.694126854659538850e+01 -5.385432482917396158e+01 1.975581720260383811e+00 2.775954829966372772e-01 -7.366669888832983126e+00 -4.931675858413244740e+00 -2.664945527861960528e+01 -5.373497460133325632e+00 -1.294100285928407423e+01 -1.463967368890235266e+00 2.003571786111648123e+01 1.286638601385541136e+01
1.688079077088564972e+01 2.436394924757519220e+01 -3.816919214439204211e+01 -2.373766877502708894e+01 9.033879877221917098e+00 -3.322387770728432166e+00 -1.585301651991124317e+01 -1.365918130598580404e+01 -8.408546443768598166e+00 -1.355594060206862217e+01 -4.440615978918589946e+00 1.828068592188950348e+01 2.172883682118481019e+01
1.554537692019462369e+01 2.650501618161049322e+01 -3.520570704910331727e+01 -2.515547948144370594e+01 -3.338522109766456136e+00 -1.032158669182758182e+01 -9.960323438628783776e+00 -1.676093949560889129e+01 -1.537955762356743428e+01 -1.524004474613310656e+01 -1.204603685698930704e+01 1.482025468297431559e+01 2.534295919262270047e+01
1.471185827917299171e+01 2.615897849112111118e+01 -3.238716501135984771e+01 -2.197851419056550171e+01 3.129363493058539003e+00 -1.800045796160744516e+01 -2.433033105534640583e+01 -7.854717713816204316e+00 -8.411950827809802078e+00 -2.604320864682195946e+01 -1.009650925188445747e+01 1.696550447069639134e+01 1.459081780494103597e+01
1.430956399671327617e+01 2.848408771885509694e+01 -3.554646495960098207e+01 -2.527741240151538094e+01 7.210551186334773988e+00 -1.417612275342913719e+01 -3.294796561074500829e+01 -2.338793931395625236e+01 -1.710423328743994942e+00 -1.171460974055228732e+01 -1.125310819336650425e+01 1.536237975947375567e+01 1.652760275379520039e+01
1.379267160927807723e+01 3.209249025759913820e+01 -3.096924480032141247e+01 -3.089781217536423696e+01 8.391650727111400698e+00 -7.451574982277291426e+00 -3.542810714161991825e+01 -3.482142138201439963e+01 -5.865726031988546474e+00 -3.112819671246239928e+00 -8.555164794802790240e+00 6.718243015383277950e+00 1.612674651467364484e+01
1.334517045844054017e+01 3.541215349374101606e+01 -3.198500285724793457e+01 -3.865623752049873474e+01 1.128345956057502875e+01 -1.855724460932937347e+01 -2.858643724206192971e+01 -2.513707017647741537e+01 -2.287156280167996769e+01 -1.036983912278760478e+01 1.390179087168021743e+00 1.129791442333822182e+01 1.049582438183448119e+01
1.304316501278951357e+01 3.125583080248584622e+01 -2.775467030021766490e+01 -3.440185629098693454e+01 6.951292861320854222e+00 -7.867752104285207437e+00 -2.816339593301382394e+01 -2.143622042193879551e+01 -1.010341858676551929e+01 -1.947417786498474257e+01 -1.012152789333276637e+01 1.393958574851415477e+01 2.169504069965961079e+01
1.250731431374700087e+01 3.147943072691693445e+01 -1.889675588766403180e+01 -3.144930232078530352e+01 1.961588620205830802e+00 -1.483195461208397070e+01 -2.357591249401311728e+01 -9.976485978444918246e+00 -1.494073921079310985e+01 -2.327352477670140729e+01 -6.519550522211998711e+00 1.402689472798194004e+01 2.089119900923060058e+01
1.880917330970030221e+01 2.510649220661731817e+01 -5.509877972476059682e+01 1.112881378766090457e+01 -1.176995432484118709e+01 1.273593417943981843e+00 -9.405978174527831470e+00 -2.474972688582468194e+01 -3.715853212575245035e+00 -1.428777623082186743e+01 4.243829213372279696e+00 1.789935926800652410e+01 1.599273529850690601e+01
1.791125808446745182e+01 1.751000368023625597e+01 -4.145510847775199181e+01 -1.584194817834203661e+01 5.985213644571866887e+00 -1.794056071355594639e+00 -1.224833198453847238e+01 -1.782340028581165470e+01 -6.004378056388286033e+00 -1.774133753145668280e+01 -8.640696475465798443e+00 1.901347086964229049e+01 1.834707442564409519e+01
1.646108535837860032e+01 1.925821348996505833e+01 -3.717169774251198078e+01 -1.701228647462215093e+01 -6.485665852541772303e+00 -9.979878804333145226e+00 -6.274093505041101082e+00 -2.053768256833316386e+01 -1.252967519321188483e+01 -1.637670091229338709e+01 -1.479945703236231402e+01 1.780988914436210990e+01 2.197912893930320521e+01
1.773774616036061502e+01 2.474031267329020167e+01 -5.092750928410715971e+01 2.060076691052729814e+01 -1.597930584623216177e+01 -2.177359967628693482e+01 -2.785982989038095603e+00 -8.158473162239330279e+00 9.932726854527766491e+00 -1.097513495148742280e+01 -9.684488400689442500e+00 -3.304612152900303634e+00 2.449569514492765165e+00
1.726451306414126563e+01 1.799885355183892344e+01 -3.393992964634030329e+01 -1.551772359121387268e+01 -5.274944429426009052e+00 -3.145286359511237961e+01 -2.172310213365195253e+01 4.237380038616281652e+00 1.582948148384734210e+01 5.700442491047062354e+00 -1.563073492364035744e+01 -4.990662292549052026e+00 2.458696624236688066e+01
1.640962729940562070e+01 2.107792434059428643e+01 -3.736420507520108458e+01 -1.659941127380680825e+01 -5.596593922990914294e+00 -2.534431250652284362e+01 -1.312248753684141178e+01 -5.453369413042124414e+00 1.024605196483426184e+01 1.905455642954932927e+01 -1.851848774718283508e+01 -2.112972403284528866e+01 2.054013550777800035e+01
1.864137412945244421e+01 2.675333880856756608e+01 -5.580969124309065421e+01 9.693084179460541350e+00 -1.229852870601779458e+01 -9.848560000303402395e-02 -6.623131208922475643e+00 -2.263979421497906941e+01 -1.073698451441495338e+00 -1.506314410406932325e+01 1.236413619741110637e+00 1.512013973937404643e+01 1.550149633353950662e+01
1.772483932212293567e+01 1.721841133483006203e+01 -4.164559975828512250e+01 -1.686944767746048868e+01 6.266516518970005833e+00 -1.943646608020913380e+00 -1.208088224773937469e+01 -1.701087562077407966e+01 -6.474789816287615629e+00 -1.678309817128700132e+01 -8.055846395829187045e+00 1.925573421187651135e+01 1.959991416750771620e+01
1.627810525360062854e+01 1.969274277407159701e+01 -3.812038327106770197e+01 -1.779278410629090601e+01 -6.770553076291633943e+00 -1.060883937310793534e+01 -6.044456470222284494e+00 -2.019017843801054823e+01 -1.255024416792935327e+01 -1.576960040466259017e+01 -1.467905805599179203e+01 1.755932976570693071e+01 2.251119433842886508e+01
1.710243737299668965e+01 3.509524962851617857e+01 -5.551186375731347056e+01 2.052422418003115112e+01 -1.503154582985418131e+01 -2.208672988439175455e+01 -2.060543629809664434e+00 -9.618258584107840292e+00 1.071051856529855151e+01 -1.156353916377368485e+01 -1.016184993426053751e+01 -2.507718726791986263e+00 2.396375785480743037e+00
1.682896277442081256e+01 1.889910230588828455e+01 -2.908595704674345583e+01 -1.908881337349559715e+01 -5.851948934628507182e+00 -2.699713088041107056e+01 -2.448316083994388137e+01 3.443572617472834274e+00 1.791458028687046777e+01 2.986802892439647028e+00 -1.627167638459159704e+01 -3.175617254874143924e+00 2.204788683196016308e+01
1.596973496613514776e+01 2.388019800783827407e+01 -3.247123558047088210e+01 -1.951629431124382918e+01 -4.479269933834665096e+00 -2.104150765774055287e+01 -1.521871507476475216e+01 -4.516005983639571397e+00 1.262237926195652626e+01 1.644425169299461942e+01 -1.876071224994825215e+01 -1.920051224473336404e+01 1.850631126420453754e+01
1.454488107895191540e+01 2.696268523077678836e+01 -3.041926388354023558e+01 -2.448771330372257182e+01 -1.016255466669231744e+01 -2.505147373457436899e+01 -8.628393893384123103e+00 -4.320889876209201286e-01 2.754562936033649212e+00 7.152464657651322000e+00 -1.392577811521998399e+01 -5.604188849610744150e+00 3.064408902769467957e+01
1.337194297832111012e+01 2.473285104358735254e+01 -3.826588654302824466e+01 -2.092054939870832797e+01 -1.598499848428128756e+00 -3.094792863697785279e+01 -9.028722431414458072e+00 -2.742725992850596040e+00 -3.901054976691715748e+00 1.294904333780660011e+01 -8.897304539536659007e+00 -1.277532600900897641e+01 2.911696534767857969e+01
1.337183632088883201e+01 1.816358793916104375e+01 -3.484062935295809638e+01 -2.226220431865271721e+01 -1.233514303677367607e+01 -3.420024255566953997e+01 1.146082074136909983e-02 8.147643391509614474e+00 3.196432602827471658e+00 2.048166209952081473e+01 -1.654684865211316236e+01 -3.136396508222102852e+01 2.377595188848518504e+01
1.333516903351172367e+01 2.103285504353798885e+01 -2.205906770269213268e+01 -2.309883570047560752e+01 -1.826389724729380504e+01 -2.811319787547750693e+01 5.310971949888953603e+00 2.192722200643982333e+01 1.176357936249414315e+01 8.051944420893942578e+00 -1.920774606471401924e+01 -2.450746090045140591e+01 1.387545280902131850e+01
1.280248211411098325e+01 1.612427301866271989e+01 -2.550334234558639324e+01 -2.875777221686947982e+01 -2.102048842065429213e+01 -2.384460427325306497e+01 5.091821968912374707e+00 1.462380500099665070e+01 1.081540154518669006e+01 7.304521358386118379e+00 -1.907872745126595859e+01 -1.341183970731599828e+01 2.012221422932819692e+01
1.165806371831020272e+01 1.790395086100776467e+01 -2.609483773330111589e+01 -2.446483697421402326e+01 -1.089508253719044717e+01 -2.279106064851625746e+01 8.739186734014003477e+00 1.078196950150881150e+01 -7.174405945571903365e-01 7.173195095836927493e+00 -1.441949457003840784e+01 -1.439347915575752168e+01 2.215085621585960141e+01
1.841130863276225327e+01 1.891791610278955105e+01 -5.150244173981032247e+01 2.913154797049971023e+01 -3.065328895074494397e+01 -6.773837799954043781e+00 -1.096524580723746212e+01 1.138101428973513585e+01 5.335614224737327049e+00 -1.015885555234127757e+01 -5.415973904512756398e+00 -4.978846010364379460e-02 1.281362820844675454e+01
1.777451422032311257e+01 2.339474019220264367e+01 -4.690018100549099245e+01 -8.537922571229993096e+00 -1.137888765777385025e+01 -2.930686753560060609e+01 -1.343559369497461375e+01 4.801600158909479887e+00 1.475014295474786863e+01 -1.501698147486452584e+00 -1.596454130598161569e+01 5.106868596738019406e+00 3.937411543175969086e+01
1.684730910380861602e+01 1.783525720468595921e+01 -3.918879535361848099e+01 -1.683003258353732434e+01 -8.555006730499815859e+00 -2.390193151065471255e+01 -6.116338347787759311e+00 2.342106925940485418e+00 1.517075375842702556e+01 1.279836598369081813e+01 -2.199524069992164499e+01 -2.834542058131617193e+00 4.702432440971868743e+01
1.523607717478176760e+01 1.952663152026791948e+01 -3.329952577532306179e+01 -2.042890436225486539e+01 -9.438355688454882042e+00 -1.805031266527250011e+01 -2.684323309643952715e+00 -5.548645218004936153e-01 2.029055359254398283e+00 4.085083085335071695e-01 -1.216496359255813786e+01 9.377693180895954939e+00 3.590728621132111442e+01
1.441635934885107950e+01 1.341548320712764664e+01 -4.369479666464167167e+01 -1.381121238913656946e+01 -1.094804289078163251e+01 -2.806689771177796544e+01 1.074126712589743571e+00 -2.394051564812205157e+00 -1.609120996803189652e+00 1.108086761633713735e+01 -1.474231821135142262e+01 -2.758971570870524026e+00 4.082344561704322672e+01
1.442745147585054433e+01 2.422535401381780318e+01 -4.296439039119803027e+01 -1.046336005124081225e+01 -1.082194869028426787e+01 -3.809781604229791441e+01 2.420563368081815625e+01 8.979469127558678210e+00 1.125147708113729106e+00 1.607106893678743731e+01 -2.893115280180469284e+01 -1.986793709719650991e+01 4.108846383307150063e+01
1.415205731244074094e+01 2.582569312233300707e+01 -2.932743515009140367e+01 -1.326665593417702560e+01 -1.878636395687839666e+01 -3.404128779578785924e+01 2.640621935389420472e+01 2.186448252873818632e+01 7.533633744365221041e+00 -5.720625488927316482e+00 -3.184128722153944935e+01 -6.792148995890441299e+00 3.712259433618596205e+01
1.338809070406412438e+01 1.841606750886601418e+01 -3.793851002246226045e+01 -2.308555053166114135e+01 -1.036330833864985834e+01 -2.843328475057781901e+01 2.223185944440767514e+01 1.558191002123299107e+01 -5.237048812502306028e+00 3.115331063797232680e+00 -2.059843729371939247e+01 -4.750891232630912064e+00 4.047162875931069692e+01
1.187263287484973517e+01 9.117292196710369723e+00 -3.830112184159568045e+01 -2.453809632999001522e+01 -1.418782113554193103e+01 -2.122329803127586700e+01 1.291859646476416756e+01 2.105770863705144880e+00 -1.033268050029311880e+01 2.421523270480256951e+00 -1.286711799873224038e+01 1.644896365434490138e+00 3.775670400487175726e+01
1.710069194773078394e+01 2.040659472407269703e+01 -3.811588259415766089e+01 4.565426384236796586e+00 -6.418681904657355553e+00 -2.568511385339573394e+01 1.662165927704753798e+00 5.324722858400718906e+00 5.812714484362610179e+00 -7.632287149947592830e+00 -8.369926208339377283e+00 5.037494508362835965e+00 1.000170879548498171e+01
1.689365642552528968e+01 2.728044285889170695e+01 -3.807194762584070702e+01 -1.944528391174064907e+01 -3.030766089263325913e+00 -3.056756259682509835e+01 -1.594781168449136111e+01 9.063168142023140916e+00 1.223924260199877700e+01 -1.039931580408520295e+00 -1.730963730946800894e+01 4.965993053251927414e+00 3.885521238931441701e+01
1.593508829407781668e+01 1.897960232344579268e+01 -3.347103698294347396e+01 -2.516704417791868309e+01 -9.866816495970203604e+00 -1.999236397381759645e+01 -1.164374631698620099e+01 2.246263119241370010e+00 1.861721010268380994e+01 1.040228617081888629e+01 -2.228318052875987831e+01 2.544252924036352947e+00 4.512733193074978999e+01
1.434375313747587555e+01 2.103423826014831022e+01 -2.980835427816649030e+01 -2.961731593391803585e+01 -1.183221306551822316e+01 -1.516562467137983816e+01 -8.933262606962742325e+00 -1.467484419500843407e+00 3.628830363593765984e+00 -1.896302271805860640e+00 -9.888624685148441174e+00 1.169443390445462150e+01 3.527630004456624846e+01
1.339245278564501440e+01 2.087341331776276832e+01 -4.027854773899773022e+01 -2.133742857215713329e+01 -6.521403290650361839e+00 -2.653897787681388820e+01 -2.110559793754215097e+00 2.432504727240306086e-01 -1.234358663064947903e+00 1.009814788678268194e+01 -1.462845921224265489e+01 -1.630281988179053565e+00 3.962391498805857992e+01
1.355258227622912948e+01 1.929782298824998321e+01 -3.232400610644589278e+01 -2.420485573566698889e+01 -1.442069246560112283e+01 -2.634973402304229850e+01 9.687305999997590789e+00 1.490031435980674956e+01 2.596862969372807584e+00 8.588114696888938582e+00 -2.229455536615884270e+01 -1.712982515744348788e+01 3.811517782553310951e+01
1.334569280911281908e+01 2.314659658052778823e+01 -2.000037292917147980e+01 -2.546190743851660798e+01 -2.001999284074911500e+01 -2.249136164243029157e+01 1.580923963890811557e+01 2.355845399898519332e+01 9.603633740674924368e+00 -8.950407457796822897e+00 -2.867827641671832950e+01 -3.480754978787066634e+00 3.230865969113709468e+01
1.253751274513168212e+01 2.173063222637503600e+01 -2.926470048951376057e+01 -2.829815645523887824e+01 -1.094560927471719047e+01 -1.992849378164548568e+01 1.703569410754408864e+01 1.519636176009920270e+01 7.586599801665481202e-01 -2.480548369361038841e+00 -2.139249858813856875e+01 -8.838592020773803348e-01 3.649674844041469868e+01
1.095194623627888930e+01 1.536906031055294974e+01 -2.909749225580619481e+01 -2.863192276917395063e+01 -9.327541318896310329e+00 -1.362014745077338063e+01 1.190230938534576488e+01 2.053828675464930420e+00 -4.620157061072868387e+00 -1.248934499514393837e+00 -1.362897211222335514e+01 3.924021651106577302e+00 3.291649899542945690e+01
8.363569689357680303e+00 8.008946512279948138e+00 -2.067789712611244113e+01 -2.657896475121490454e+01 3.220454315066053841e+00 -2.294032659108088978e+01 -6.796194364821656286e+00 9.266287416379771713e+00 9.784414445017227679e-01 -7.306231241753275540e+00 -6.764128813878435231e+00 2.323849382577023803e+01 3.317829312238329464e+01
8.180963436466983651e+00 2.804858835021783459e-01 -1.699775850558211232e+01 -4.466735437105608497e+01 -2.145732674823364405e+01 -7.679190264556279288e+00 1.565562392223831978e+01 1.660122972035422961e+01 -6.306271657883513626e+00 -1.254987222712972184e+01 1.475715369576523939e+00 1.729156941204822218e+01 1.600788419205905555e+01
6.733590201230533090e+00 -9.292258948966731325e+00 -1.603800505549817501e+01 -4.157983363715709402e+01 -1.734854100346935368e+01 2.664931725005131646e+00 2.026362208687626776e+01 1.568371235278440778e+01 1.122256121402750439e+00 -1.217809180545086001e+01 -7.236375750910533533e+00 1.355094944800449852e+01 2.175108684720231622e+01
5.177137292484702336e+00 -1.769522496876794193e+01 -7.625324340172682014e+00 -3.727963087100762607e+01 -1.696342880279760834e+01 2.572718502239808025e+00 1.658724177330516625e+01 1.184482078693951657e+01 7.393506529458166554e+00 -6.031925850059800531e+00 -3.334197732881550191e+00 1.508197164964122905e+01 2.367108516380291761e+01
3.197373281042485971e+00 -2.201194029105922567e+01 -9.367092232461876833e+00 -1.128485965346682640e+01 -1.109438153485976208e+01 -1.666686774778976243e+01 -5.700683248859868435e+00 9.046410314872280978e+00 6.795818152310672211e+00 5.959787129223836466e+00 6.226541645460223151e+00 9.520641390997319320e+00 2.465769134452495237e+01
2.788464186084855800e+00 -1.997515266290684721e+01 -7.514023107582156413e+00 -8.804030684408099106e+00 -5.720543374304409845e+00 -9.039561534729058323e+00 -8.574413408974615791e+00 -7.795207466069128621e+00 -1.093944416073594716e+00 6.339807420225500145e+00 1.413208311347991497e+01 1.867089430984675147e+01 2.240047128658243736e+01
3.278564333277012022e+00 -2.126113446569211263e+01 -9.727177295509914501e+00 -9.991323714037577020e+00 -2.010780179356264963e+00 -5.497490665695311307e+00 -9.729146705639227122e+00 -1.632751607087180590e+00 1.233947595456277746e+01 1.322908736360069071e+01 1.107177981355679108e+01 1.299950961708919195e+01 2.081478944022183342e+01
2.957650933744051081e+00 -1.961367606730998858e+01 -6.299279447595600878e+00 -5.470218066423175429e+00 -4.906472608731794693e+00 -9.816199786627558765e+00 -7.124501173333830373e+00 -2.803135189812030692e+00 1.646725261757174152e+00 9.469200711489595079e+00 1.803801496901461832e+01 1.515205047098665858e+01 1.909050763671982409e+01
2.787001933274809939e+00 -1.956147914915303332e+01 -7.439795404467018258e+00 -8.512655981600635968e+00 -4.372474172373925327e+00 -7.416520312186345443e+00 -8.991656909934132358e+00 -1.060703732544867606e+01 -3.361280130421768764e+00 7.855824908449815069e+00 1.949776910193284962e+01 2.250720791299949042e+01 1.891107156234465592e+01
1.487332282507598080e+00 -1.483494933304850072e+01 -6.887712700290442580e-01 -2.244070550336900727e+00 -1.305196842415688563e+00 -8.076167957702775624e+00 -1.152395885470207837e+01 -1.470982976704753220e+01 -9.747706922574341348e+00 1.282290571026837744e+00 1.592835878888873147e+01 2.041573983987874641e+01 1.135239006103094717e+01
-3.604365338911715355e+01 0.000000000000000000e+00 -3.207631722481915547e-14 0.000000000000000000e+00 2.392679895532167191e-13 0.000000000000000000e+00 -2.059301670267279590e-13 0.000000000000000000e+00 3.072791695244254868e-13 0.000000000000000000e+00 -3.277697551616779395e-13 0.000000000000000000e+00 3.594848034474519512e-13
-3.604365338911715355e+01 0.000000000000000000e+00 -3.207631722481915547e-14 0.000000000000000000e+00 2.392679895532167191e-13 0.000000000000000000e+00 -2.059301670267279590e-13 0.000000000000000000e+00 3.072791695244254868e-13 0.000000000000000000e+00 -3.277697551616779395e-13 0.000000000000000000e+00 3.594848034474519512e-13
-3.604365338911715355e+01 0.000000000000000000e+00 -3.207631722481915547e-14 0.000000000000000000e+00 2.392679895532167191e-13 0.000000000000000000e+00 -2.059301670267279590e-13 0.000000000000000000e+00 3.072791695244254868e-13 0.000000000000000000e+00 -3.277697551616779395e-13 0.000000000000000000e+00 3.594848034474519512e-13
-3.604365338911715355e+01 0.000000000000000000e+00 -3.207631722481915547e-14 0.000000000000000000e+00 2.392679895532167191e-13 0.000000000000000000e+00 -2.059301670267279590e-13 0.000000000000000000e+00 3.072791695244254868e-13 0.000000000000000000e+00 -3.277697551616779395e-13 0.000000000000000000e+00 3.594848034474519512e-13
-3.604365338911715355e+01 0.000000000000000000e+00 -3.207631722481915547e-14 0.000000000000000000e+00 2.392679895532167191e-13 0.000000000000000000e+00 -2.059301670267279590e-13 0.000000000000000000e+00 3.072791695244254868e-13 0.000000000000000000e+00 -3.277697551616779395e-13 0.000000000000000000e+00 3.594848034474519512e-13
-3.604365338911715355e+01 0.000000000000000000e+00 -3.207631722481915547e-14 0.000000000000000000e+00 2.392679895532167191e-13 0.000000000000000000e+00 -2.059301670267279590e-13 0.000000000000000000e+00 3.072791695244254868e-13 0.000000000000000000e+00 -3.277697551616779395e-13 0.000000000000000000e+00 3.594848034474519512e-13
-3.604365338911715355e+01 0.000000000000000000e+00 -3.207631722481915547e-14 0.000000000000000000e+00 2.392679895532167191e-13 0.000000000000000000e+00 -2.059301670267279590e-13 0.000000000000000000e+00 3.072791695244254868e-13 0.000000000000000000e+00 -3.277697551616779395e-13 0.000000000000000000e+00 3.594848034474519512e-13
-3.604365338911715355e+01 0.000000000000000000e+00 -3.207631722481915547e-14 0.000000000000000000e+00 2.392679895532167191e-13 0.000000000000000000e+00 -2.059301670267279590e-13 0.000000000000000000e+00 3.072791695244254868e-13 0.000000000000000000e+00 -3.277697551616779395e-13 0.000000000000000000e+00 3.594848034474519512e-13
1.930727353607423069e+01 2.859405100670550226e+01 -4.416531407501484807e+01 1.329928571994071262e+01 -4.634445311915957433e+01 -2.535743175823106199e+01 9.644220926510977066e+00 8.862121666746963555e+00 2.079566324007173961e+01 1.121531509434216645e+00 3.324743543231224407e+01 8.569322353693049621e+00 -2.349271506030507695e+01
1.847042993884383222e+01 1.797205571206129804e+01 -1.826598104802848610e+01 -2.002761641332882547e+01 -2.483667040474652765e+01 -3.288381571648874058e+01 -9.782858879379849881e+00 1.109478525245387104e+01 1.738393310242694767e+01 2.076570596847522054e+01 1.704713655953054996e+01 2.780820661678727213e+00 -9.201380890144024605e+00
1.749704512333181938e+01 2.928081173660870462e+01 -1.329957653106542459e+01 -1.377399257703619107e+01 -2.541279707855859016e+01 -2.992593040079085753e+01 2.568634022809924478e+00 1.428119734401044205e+01 3.335056399375543101e+00 5.198534175522702583e+00 3.125994428052508312e+01 1.864408027963579784e+01 -2.284692417403677922e+01
1.621762964077276337e+01 1.548462236435876882e+01 -2.354808761190410848e+01 -2.151465123803081525e+01 -2.689280535973620800e+01 -4.022484525413879197e+01 -2.834403758813555996e+00 2.282439481189548403e+01 1.299648313556859058e+00 2.904353401310572735e+00 3.168969516365502059e+01 1.775563558813181331e+01 -1.629883588722355725e+01
1.488806378574639666e+01 3.033731007334290553e+01 -2.278451770452469916e+01 -5.642130342847575086e+00 -1.594843144561363069e+01 -4.462455196343049835e+01 3.272618821338312500e+00 1.181538394147304105e+00 1.994702236463333733e+01 3.127713541165922351e+01 4.817373570630370416e+00 2.313302327818602677e+00 -6.784355574836667735e+00
1.394744080236877792e+01 1.641491207480900272e+01 -2.311513203680479833e+01 -3.291713421567488496e+01 -3.315514422394510774e+01 -2.958549753020718498e+01 8.067848667462873893e-03 3.049035639096430716e-01 5.667099572405346564e+00 2.355831254829801225e+01 1.606562462073817343e+01 -2.303390026423546288e+00 1.148513690871793558e-01
1.310572063178643276e+01 2.267809613714972983e+01 -2.011891804242518589e+01 -2.387433857568058926e+01 -7.934428560829486443e+00 -2.372170243237496479e+01 -5.680555381855826980e+00 3.808593002438440234e+00 8.265213932213756109e+00 1.958958486707687996e+01 2.250224089922686588e+01 4.822254813785955996e+00 -4.792862433622366858e+00
1.248384759082982676e+01 2.339050441098683919e+01 -9.824168526232135434e+00 -2.300122361851692787e+01 -1.342075596262408510e+01 -2.964257266771271659e+01 -2.275107321410110739e+00 6.054683699367007232e-01 9.601055933254350805e+00 3.387054241977012481e+01 1.495797088625797144e+01 -9.732257065782251360e+00 1.923470553453337784e-01
1.262972780591612043e+01 1.968636197043053926e+01 -1.218545506987883797e+01 -3.157658581754532889e+01 -2.330073837545992177e+01 -2.021880129578439167e+01 4.492562250156152959e-01 2.309780910248494301e+00 6.698964008209724597e+00 2.507379840165319607e+01 2.167480976639314605e+01 -2.664196049379757625e+00 6.288896313282289485e-01
1.873000022587323699e+01 3.578296713244536420e+01 -3.832622819573639816e+01 9.815260583152675411e-02 -3.205160351714965827e+01 -3.602246570088306754e+01 1.503148846065801969e+01 9.224365909034810684e+00 1.490256087831340004e+01 8.329826672528186648e+00 2.648746825596965948e+01 1.361532442751408567e+01 -2.442501719606018895e+01
1.792475515758107463e+01 1.724823150878890132e+01 -1.635406626821979259e+01 -2.670281630512595328e+01 -2.742868708744561346e+01 -2.953191619512972821e+01 -1.341119388228868203e+01 9.268112340459628840e+00 1.881716727639545539e+01 2.104480029697499432e+01 1.918256855676321138e+01 4.377233030563012939e+00 -9.314220853534010303e+00
1.684808695436207415e+01 3.155150507481192790e+01 -9.237058686709556099e+00 -1.950527643946854184e+01 -2.412417081688810683e+01 -2.722208611588101590e+01 -2.058492353430102784e-01 1.497323455793861058e+01 1.916956300179360362e+00 8.094670303747276918e+00 3.226928119092064406e+01 1.402751548446822483e+01 -1.992001956043630173e+01
1.549507212566830994e+01 1.864272004413623662e+01 -1.742137921291088887e+01 -2.284409923533661768e+01 -2.745337961189722265e+01 -3.495808500395220619e+01 -2.241247854145001384e+00 2.240293928502262233e+01 3.910135136895385610e+00 3.838433197295122223e+00 2.932388700368691659e+01 1.751214302044548177e+01 -1.495714987689000353e+01
1.417824143986786645e+01 3.139942144651486799e+01 -1.524366945871242862e+01 -1.650761405499613232e+01 -1.459168601201673177e+01 -3.658155415105653674e+01 -7.487923381880842832e+00 8.884587489598215981e+00 1.767113579478445828e+01 2.812281550336810554e+01 1.251084535705090417e+01 -4.613035251413031723e+00 -4.092880596218238409e+00
1.322593321500479213e+01 1.820646652412524347e+01 -1.802368545273911593e+01 -3.553664829989235585e+01 -3.261856387465189044e+01 -2.159485198047850218e+01 -3.844991025818699892e+00 1.184839025485319858e-01 8.779274449103173339e+00 2.218533093684982305e+01 1.756915527237179475e+01 1.139839861125182263e-01 -1.017817130964368877e+00
1.919639915723222501e+01 2.159271199398446583e+01 -3.295155785936542259e+01 -1.828245795320528888e-01 -3.552653750658195975e+01 -3.651830492539342998e+01 6.312398968684982847e+00 5.555733432500518099e+00 9.213357394160141212e+00 4.436588977059479966e+00 2.381404487703862571e+01 1.634152837737480368e+01 -1.690084871471787764e+01
1.838993810810512741e+01 1.997183475378623285e+01 -1.628848253012741765e+01 -1.837118049277699328e+01 -2.006084997705576001e+01 -2.894426852431903185e+01 -1.250019836867300604e+01 5.670924271360171076e+00 1.395408938954577138e+01 2.023591999931334939e+01 2.024506033853531406e+01 9.945832099467487808e+00 -2.949295807241465894e+00
1.749276733085597613e+01 2.710693832887295684e+01 -1.151654127625812407e+01 -1.743054703173873676e+01 -2.061192917160468951e+01 -2.675171789713741433e+01 -6.892988792437775736e+00 1.049113785759053741e+01 4.069561434380948306e+00 4.850491102200827243e+00 2.817352584516223502e+01 2.338396496361328403e+01 -1.156235207700569489e+01
1.885036286707972408e+01 1.550316161517863556e+01 -5.035573201111679253e+01 -3.008974169543579436e+00 -1.780336478074188378e+01 -1.924151747652722477e+01 9.138883315110359007e+00 -1.309845875254389469e+01 7.106571724600342144e+00 2.080305256983559303e+01 -1.862383523730697599e+00 3.404827925176125536e+00 9.537465848687945780e+00
1.739600636361725350e+01 2.988597386091281294e+01 -5.705677418647719179e+01 3.884824671316800426e+00 -1.981346395624382595e+01 -1.417170403431818926e+01 1.407103717712217694e+01 -6.399313251357618526e+00 -3.418469408336913595e+00 9.795130190621064159e+00 1.204626103323532682e+01 2.103527501913707631e+00 8.820902792415299842e+00
1.645624597780894049e+01 1.253481411353546093e+01 -3.885903546081779325e+01 -1.965911434610814368e+01 -1.525376616111233474e+01 -1.220199094772527815e+01 8.548789376255280459e+00 -1.659727068405177874e+01 -2.848991237245238395e+00 2.633167394835740183e+01 -6.944470028460772992e-01 -1.427045825509413723e-01 2.231330112986364256e+01
1.585743818176600151e+01 1.430566237544738328e+01 -4.169828724620116844e+01 -2.585393487567007753e+01 -1.836851343124796898e+01 -1.287031136165096079e+01 8.008992088434078838e+00 -1.472658713755072668e+01 -3.097763589958634434e+00 2.443914667993535872e+01 1.480296522383641733e+00 1.065898664247021443e+01 3.317281182655478489e+01
1.529724295266833067e+01 3.074469796430658874e+01 -4.503111903454669118e+01 -1.498958859511571085e+01 -8.589530935399894318e+00 -1.595231730441349427e+01 2.205549341910165850e+01 -2.433076294928662620e+01 -1.553862368308275954e+01 2.203901834304543428e+01 3.028548557278477382e+00 2.605720930727867035e+00 2.243085061296561378e+01
1.463314943051139139e+01 1.992154446907843734e+01 -3.455520277425308961e+01 -3.184211519572312454e+01 -2.142388042946033622e+01 -2.119675098670449387e+01 3.289344834784981714e-02 -1.383484575362836111e+01 -4.271853632107966980e+00 1.941288597027520524e+01 1.370628152476792483e+00 2.119865795310959200e+00 3.107404325853065785e+01
1.396351930723534984e+01 1.519832769038495535e+01 -2.644149653532624811e+01 -2.539616408944193537e+01 -2.941553330464162030e+01 -2.388116234451172915e+01 6.129593839815102641e+00 -1.271056341150650404e+01 -1.609205690785018561e+01 1.965417825816047781e+01 1.274871656941569320e+01 4.806067292841818883e+00 2.201327304904837234e+01
1.333271311890063338e+01 1.986328779560311375e+01 -2.597060025426095820e+01 -3.204012060795328409e+01 -1.843984157979376093e+01 -1.799914315391940534e+01 -9.679062534220964409e+00 -1.751335704837581630e+01 -3.047521957501529322e+00 2.078957558589675259e+01 1.159868736398514244e+01 4.891474701785130108e+00 2.016958521686353834e+01
1.279904140394929968e+01 1.845865489131524839e+01 -2.086412287441774538e+01 -3.056386419254895870e+01 -2.222754547499037869e+01 -2.126357314946739052e+01 -8.842488746274097977e+00 -1.412495064854319438e+01 -1.581137883601462679e+00 1.604421978553589412e+01 5.739680785425321119e+00 6.321241518747865662e+00 2.788136025218782521e+01
1.711814392423050535e+01 2.014915178628170622e+01 -3.768177394204877828e+01 4.427385844031388906e+00 -6.351963963577406780e+00 -2.577332360155921620e+01 1.819951452260713642e+00 5.778918885736443301e+00 5.040919226487298843e+00 -7.707562451396074543e+00 -9.368773268265503162e+00 4.985580137167071157e+00 1.050721094449669302e+01
1.691334967864983696e+01 2.714094353219976696e+01 -3.775223034930046850e+01 -1.990911407962271795e+01 -3.073101134227573805e+00 -3.016743989029262707e+01 -1.609852548829003638e+01 9.301689178476102882e+00 1.163025597285875357e+01 -1.251925635875869247e+00 -1.742857642879709701e+01 5.537388671591220835e+00 3.814180853103258073e+01
1.595245417739657867e+01 1.903595697201065562e+01 -3.328454568190762330e+01 -2.548247864243465344e+01 -9.840090448561786829e+00 -1.937589608533536634e+01 -1.158519319305246142e+01 2.086037868322844879e+00 1.825860971387656306e+01 9.969250257461206743e+00 -2.209295677734571228e+01 2.605323411530955369e+00 4.475635511938206434e+01
1.436012172822144706e+01 2.104706910950877941e+01 -2.968586407293545548e+01 -2.976529917196148745e+01 -1.157806533999320386e+01 -1.494636610165744095e+01 -8.832891068199328899e+00 -1.207343231766526470e+00 3.635988543850907195e+00 -2.017579056367152734e+00 -1.013444922685746619e+01 1.204560906577094315e+01 3.486288378047613179e+01
1.339271465542318396e+01 2.090306938249069191e+01 -4.017585614729863153e+01 -2.141789500658068590e+01 -6.215884009247504949e+00 -2.664371602427054597e+01 -1.990249696670720381e+00 2.602713185677598684e-01 -1.225473621741757668e+00 9.752335808265746309e+00 -1.421284616704672032e+01 -2.330043707249755958e+00 4.020412687113984873e+01
1.355275094415093129e+01 1.920161115321742429e+01 -3.217909781926239532e+01 -2.437884378322951306e+01 -1.435920846531662320e+01 -2.627685954885903286e+01 9.433012199262350350e+00 1.516627127586322210e+01 2.149325724728595954e+00 8.918477892118719552e+00 -2.250057503806254999e+01 -1.709377924045357133e+01 3.831844496016476853e+01
1.334608676947366490e+01 2.337360993200651649e+01 -2.029029811704820574e+01 -2.521411112218641293e+01 -2.009653451999714591e+01 -2.269866631991763484e+01 1.617907222591717087e+01 2.281636585047279553e+01 1.064043137262730454e+01 -9.880956545416886172e+00 -2.818553062079775984e+01 -3.529094135285039346e+00 3.218119804391971428e+01
1.253820481705961143e+01 2.199050543645391187e+01 -2.943678693935701318e+01 -2.842919947605840036e+01 -1.057627754514156670e+01 -2.046709751236399555e+01 1.751630799543518080e+01 1.485227667004309993e+01 9.544139693690261161e-01 -2.536738370130517950e+00 -2.150567344005011350e+01 -5.672974002216493172e-01 3.623531883782577268e+01
1.095266018032175737e+01 1.532405248881297766e+01 -2.904957824654706044e+01 -2.867334837946448545e+01 -9.348486765304258483e+00 -1.349937855312416524e+01 1.177233929248726518e+01 1.861668892765280248e+00 -4.217417719789865238e+00 -1.705662943232981288e+00 -1.332049168553823648e+01 3.900615691471413626e+00 3.257184773361591823e+01
1.828076689442729474e+01 1.712457156388565238e+01 -4.784831755481639703e+01 2.215088858155567308e+01 -1.882307621541631448e+01 -1.845341257042436212e+01 -4.378798790345169500e+00 -3.942478957811996754e+00 1.019721638164983268e+01 -1.079771985392954647e+01 -8.500635492644711633e+00 -4.827163285977598584e+00 3.320215037634407285e+00
1.766197581833582575e+01 1.841569522455350594e+01 -3.651510206862619867e+01 -1.090900252163459250e+01 -5.910647704575822559e+00 -3.358249258369809098e+01 -1.879268763325568870e+01 5.405788673676878098e+00 1.727256554361316887e+01 6.839027578643975147e+00 -1.557324338374133710e+01 -6.440498061484089654e+00 2.669713155295242757e+01
1.685162650700834419e+01 2.059341304701601061e+01 -4.194425901816892832e+01 -1.428124396420306574e+01 -7.763436534762942820e+00 -2.866007446238671719e+01 -1.132066844646565684e+01 -7.280110532801646883e+00 9.428199457940298345e+00 2.025581729350855298e+01 -1.830410545988656423e+01 -2.107728048451852132e+01 2.174228002912215985e+01
1.539207348978380274e+01 2.011002354434553752e+01 -3.498250589077220241e+01 -1.874159688286997749e+01 -1.399274973262361321e+01 -2.897962573841043721e+01 -5.777722852465426051e+00 -1.864148060090453196e+00 1.531732949046093140e+00 8.555764240720970193e+00 -1.468370379268157855e+01 -6.813907665346688347e+00 3.241652493167971016e+01
1.434891298506811808e+01 1.958279696927961666e+01 -4.490232924172061502e+01 -1.334600684561708306e+01 -6.896324102098770226e+00 -3.354803211852503608e+01 -6.220116621661287759e+00 -4.624190391114530563e+00 -4.499453639536896254e+00 1.466993119352044950e+01 -8.284751943274892838e+00 -1.406346684154728521e+01 2.997641999106462762e+01
1.428719043815218726e+01 1.944493434608398630e+01 -4.316338992008576270e+01 -1.246573512501342762e+01 -9.282578250210491433e+00 -4.186072839193411710e+01 9.965839031603666243e+00 6.537633345105130722e+00 -9.638363899019066761e-01 2.787854783799998160e+01 -1.966648292828635647e+01 -3.441144188819215088e+01 2.659665945506849027e+01
1.862965178511686304e+01 2.799311686727982362e+01 -5.798364806195563403e+01 1.264417265365216281e+01 -1.451620052891735924e+01 2.117232902657239624e+00 -9.001468909579282140e+00 -2.268592719298026594e+01 -1.996571904437749234e+00 -1.473403368571583272e+01 3.360863465498469704e+00 1.510383234274493702e+01 1.585612034422489103e+01
1.772089417933898048e+01 1.790456575492703806e+01 -4.190868586037491639e+01 -1.676379664945383752e+01 5.991763283082538472e+00 -2.123609552407018430e+00 -1.163792983166758965e+01 -1.669395729243020554e+01 -5.585742535681623266e+00 -1.669301105005942532e+01 -8.373321797979052405e+00 1.868786227963833824e+01 1.849487773796703038e+01
1.627171718913658083e+01 1.961352914604240638e+01 -3.788526633123191090e+01 -1.782011231276656460e+01 -6.654737146980524543e+00 -1.044242610704954899e+01 -6.265514168835728093e+00 -2.022612708881600696e+01 -1.260824230096303289e+01 -1.585200653452634079e+01 -1.434654925140582549e+01 1.750872573427370327e+01 2.242588195128375261e+01
1.710955249444862147e+01 3.516427966713627740e+01 -5.551608854875385646e+01 2.045375335024832353e+01 -1.504213458074194953e+01 -2.225219836755953295e+01 -1.800151085710499199e+00 -9.861748456448646394e+00 1.126687773466889197e+01 -1.198988885781756686e+01 -1.004478540039201562e+01 -2.726652400698497125e+00 2.318033582069237930e+00
1.683793106366562498e+01 1.888473760551720204e+01 -2.905034562867725612e+01 -1.915017736723372010e+01 -5.951687368402934553e+00 -2.704702260782712386e+01 -2.435327619866739468e+01 3.536545050606712426e+00 1.789202979684596428e+01 2.940812335215026163e+00 -1.630679590545316060e+01 -3.255465916657309666e+00 2.204857365953591142e+01
1.597417039766640556e+01 2.389680917307442343e+01 -3.243138495520201303e+01 -1.958623999912405367e+01 -4.471108203791823499e+00 -2.111180637340989463e+01 -1.504668723502053318e+01 -4.580356404322373010e+00 1.259578846677777086e+01 1.654214022782757354e+01 -1.892626741506473564e+01 -1.908113574929332756e+01 1.850542269288094843e+01
1.454657307535465804e+01 2.692437629090804307e+01 -3.041073453624607126e+01 -2.438770473472749956e+01 -1.032739910094761093e+01 -2.496145276775812150e+01 -8.557298326098580432e+00 -5.997321751918975874e-01 2.961806065534255072e+00 6.918063778459035085e+00 -1.372297581464789040e+01 -5.745698531970032441e+00 3.078832625917921817e+01
1.337191466185199751e+01 2.468724067500013319e+01 -3.814910254705537085e+01 -2.114503753253642770e+01 -1.307669986796167416e+00 -3.123998980897189526e+01 -8.846348684559522724e+00 -2.738911704704224181e+00 -4.068408627298658153e+00 1.315979620932038330e+01 -9.093748937616496164e+00 -1.263139021711809917e+01 2.910398786156019924e+01
1.337231899714569749e+01 1.818934794710010650e+01 -3.481447291675845435e+01 -2.243675120172172299e+01 -1.199919911404650641e+01 -3.464987672191121248e+01 5.061224532642041307e-01 7.798018438884485093e+00 3.282721638936068498e+00 2.069319817942134776e+01 -1.699507866336882600e+01 -3.076937342137199494e+01 2.319632443699538271e+01
1.842374578083708059e+01 1.853581631543543295e+01 -5.091061122212741452e+01 2.796366339433028614e+01 -2.997508510607066512e+01 -8.021405194399820360e+00 -9.881354620262021271e+00 1.059624947815696139e+01 6.468746752023915469e+00 -1.082239116930232825e+01 -4.969377633737032340e+00 -5.540006899833325171e-01 1.316526499375253678e+01
1.777604674717508715e+01 2.303451705145575090e+01 -4.649462003399096233e+01 -9.434193807287302391e+00 -1.136761646427687822e+01 -2.994440874949013676e+01 -1.329242898469862055e+01 4.834466717024930027e+00 1.518994870030416067e+01 -1.175171670103040356e+00 -1.584121989748374837e+01 4.896980783335483700e+00 3.874123887871653693e+01
1.684886791851321775e+01 1.796043614736772653e+01 -3.929053254214408497e+01 -1.666903610759484167e+01 -8.408335126919094904e+00 -2.386086408947615922e+01 -6.090580959570824682e+00 2.092038164873425199e+00 1.488552715058667530e+01 1.261403585552502982e+01 -2.214856012457168433e+01 -2.700712648122852944e+00 4.740892434331141203e+01
1.883451873114520581e+01 3.601652484799554088e+01 -4.364198566418711067e+01 -2.161900698438625312e+00 -1.441944589590461767e+01 -1.855121389960821432e+01 9.548183084206264937e+00 7.102646655355935756e+00 -6.835353510771948748e+00 -8.177133366885651622e-01 -2.838461114840296506e+00 -6.937707123100610218e+00 1.196871548761168391e+01
1.841055572346540359e+01 3.509845082973924235e+01 -3.911101813401992189e+01 -1.837784844432999876e+01 -6.139261565227355888e+00 -2.139631201862134091e+01 1.157727847996031373e-01 -2.987358693314005276e+00 -7.204451273833671010e+00 -5.320123133456018394e+00 -2.375961101362389982e+01 -9.618205710092913918e+00 1.057818519578829530e+01
1.775907817806707101e+01 3.728737560087898117e+01 -3.276161714328697627e+01 -2.538724992357329313e+01 -7.998647583803232486e+00 -2.020626368369606496e+01 -6.583965097786175669e+00 -3.061746758146306924e+00 -1.291335546911420096e+01 -1.360564233622301877e+01 -1.881584930339298367e+01 -7.856348294997758330e+00 9.208016299893349910e+00
1.721368206390611633e+01 3.205951000382825100e+01 -1.816265600809944658e+01 -3.091184170222156524e+01 -1.679421698788910078e+01 -1.096494306316212253e+01 -4.331354047651029049e+00 -3.057664136161059698e+00 -1.069629793570879706e+01 -1.750618552429667574e+01 -1.180274808336579184e+01 -1.012667988689806897e+00 -2.899825014344562302e+00
1.681579192298438485e+01 2.783504866440374670e+01 -1.739299968343732417e+01 -2.790801386138455342e+01 -1.283443871778227319e+01 -1.210776364515067094e+01 -9.855357664835793230e+00 1.943407214228418223e+00 -2.827779544314405147e+00 -2.021203279026041244e+01 -1.536754625834080557e+01 2.496311840290587281e+00 2.135961154273350537e+00
1.639452638770685056e+01 2.740517096042734480e+01 -1.622365422029769277e+01 -2.845603833777802194e+01 -1.711294642050998149e+01 -1.752542770632145874e+01 -1.401851571948060915e+01 -9.172206444509202194e-01 -2.779726194410002904e+00 -1.853604859176483899e+01 -1.403235241221790552e+01 5.963546962651371075e+00 7.135371116551558757e+00
1.606079355334568248e+01 2.872339785347115537e+01 -1.202683886280551562e+01 -2.553848172739540345e+01 -1.968245396817255610e+01 -1.998176512458454468e+01 -1.175240908638734361e+01 -1.999055792443615642e+00 -3.830886736007171667e+00 -1.162272365562373544e+01 -8.124305653615090606e+00 5.998889348131555721e+00 5.289953431170413722e+00
1.575107988597232200e+01 3.261233801801738252e+01 -1.063036018687225592e+01 -2.711452679718992442e+01 -1.750501572644046888e+01 -1.304186792359427827e+01 -1.303735843455190135e+01 -7.444656004821688100e+00 2.487573160020004615e+00 -2.334202669733880242e+00 -8.749351124283107239e+00 4.696692647377892271e+00 6.307879569152714083e+00
1.536775316649992185e+01 3.259067235151385944e+01 -1.267491154486455862e+01 -2.889611345153043942e+01 -1.514548548828265950e+01 -1.797770134014488619e+01 -2.033280638003629548e+01 -5.726616157143376462e+00 3.865612521110269650e+00 -2.601900335736923253e+00 -6.113506868396206606e+00 4.236094114471598004e+00 7.227096128018049015e+00
1.805665689999905510e+01 4.282407494653110547e+01 -3.636506063551743040e+01 -1.641310442700024197e+01 -4.229813719739226485e+00 -2.350544139521524656e+01 1.312241373279253231e+01 8.063796915825585998e+00 -1.299005921680762299e+01 -4.506831033093716132e-01 -6.227307397394421073e+00 -5.970256485305951877e+00 6.566761831393281845e+00
1.756581924229627489e+01 3.352153124596910772e+01 -2.661297452966811861e+01 -2.941762060562485814e+01 -5.768957456337674650e+00 -1.148047442358835468e+01 -9.461289434261038522e+00 4.348658771341357143e-02 -3.692641524939214825e+00 -1.456937344447123017e+01 -2.003755666346436470e+01 -8.158334575119754462e+00 5.146311757137988607e+00
1.694014378791980135e+01 3.916585833458476174e+01 -2.538113672934179732e+01 -3.185587555721279074e+01 -9.353700855651963408e+00 -1.351849241552962155e+01 -1.109318545244928877e+01 -3.369567681456275388e+00 -9.639448253616942353e+00 -1.824979987449848196e+01 -1.836495540128583670e+01 -5.111967217467331182e+00 6.241139399407606092e+00
1.894902426133541695e+01 2.260927073873309112e+01 -3.124826039859809867e+01 -1.258136327061130189e+01 -1.137423941558966689e+01 -1.955103297503502446e+01 1.326067599058049851e+01 5.916363861772057753e+00 -8.096990531574940420e+00 1.975662781341428031e+00 -8.756515664590164505e+00 -5.501224869006936302e+00 3.006391847004319828e+00
1.851501087035548920e+01 3.120815921819220762e+01 -3.629905451809810302e+01 -1.874629986865103604e+01 -8.892846589555963632e+00 -1.945903884476590662e+01 -2.524668397617785054e+00 -4.204721570087768256e+00 -4.487327054093821488e+00 -1.095439193180541793e+01 -2.187435307486702740e+01 3.544124371449755007e+00 9.154326217545012412e+00
1.783442387947622976e+01 3.232388557721104405e+01 -3.263243959926359850e+01 -2.704489701613696795e+01 -1.097138822352435561e+01 -2.105685843257874978e+01 -6.538545311639331281e+00 -4.116159641263062774e+00 -1.163619185762495256e+01 -1.263848115591949473e+01 -1.481858276840946154e+01 9.755079540923923265e-01 6.545655768124520435e+00
1.892913650847151175e+01 3.399901470442783591e+01 -4.191536339353376661e+01 -6.972275717192395028e+00 -1.203576980743932978e+01 -1.955355341034523775e+01 1.512014237764191904e+01 9.827560089392203935e+00 -5.219403761018424071e+00 2.614751479822209568e+00 -1.520382431750883612e+00 -6.817719758796627616e+00 8.722086873859979050e+00
1.843131539333774427e+01 3.840932363965583107e+01 -4.162588246667880298e+01 -1.747881186185989222e+01 -4.723835976905913725e+00 -2.163587155499435255e+01 1.008365430295634080e-01 -2.706241871294489343e+00 -7.062790207898520300e+00 -7.312254170761556260e+00 -2.402485382659831004e+01 -9.715236793591142117e+00 8.373140103722322536e+00
1.774826028071725048e+01 3.582438856756975554e+01 -3.134805641798628884e+01 -2.660545706035433255e+01 -7.788163800745942389e+00 -1.887448633636038053e+01 -7.696060125480538083e+00 -2.608464089367107164e+00 -1.209990141349599746e+01 -1.468823447765973533e+01 -1.743871583455026908e+01 -7.443915210522777492e+00 7.884505495160541777e+00
1.885697907109373972e+01 1.457607052773186140e+01 -3.778557884277880419e+01 9.022686890287435091e+00 -1.939968554231897357e+01 -1.374825485650748291e+01 3.997506816437092603e+00 -1.491570937646588924e+01 -5.076838209775945465e+00 -9.050062940823824675e+00 -1.431577650139118774e+01 -3.921810555768049156e+00 6.034394815161981285e+00
1.769252263519321033e+01 1.982453633044942265e+01 -3.248076889718117854e+01 1.125877133914355399e+00 -1.505947570548394587e+01 -1.330265315364083278e+01 2.595774627814045665e+00 -2.925011218447081518e+01 -1.297630870124561575e+01 -1.129504424171470056e+01 -2.333618587031294922e+01 -5.038988133023646121e+00 -4.778069013610084070e+00
1.674936542627342817e+01 3.200119370484176073e+01 -3.784699079003315347e+01 5.401770899837480933e+00 -1.784663520803275105e+01 -1.709387105966398224e+01 2.048613676993533694e+00 -1.873770791566868255e+01 -1.708609634796187748e+01 -2.427913220440248310e+01 -5.483243034820077355e+00 3.863912914607885440e-01 -1.159502302686806274e+01
1.609432565342947896e+01 2.623300422046454727e+01 -3.374805176049940769e+01 3.074716561396228176e+00 -1.324313709514750492e+01 -2.577054023061140597e+01 2.877148931515660202e+00 -2.511674784840632313e+01 -2.279036498671163358e+01 -1.099356227764203808e+01 -1.842973226489478833e+01 -4.116376715714368473e+00 -1.114573326567913725e+01
1.555977892492507841e+01 3.180714448032915342e+01 -3.766584304459867383e+01 6.328065118265142175e+00 -1.530590029444300892e+00 -1.724251361215987899e+01 -5.874667264966516589e-01 -3.296023821488824979e+01 -8.632606439330704262e+00 -5.137502447391141480e+00 -2.881420117568509198e+01 -1.173725089458155502e+01 -6.573849565078159429e+00
1.494956266127181621e+01 2.752617896283491561e+01 -2.808266455686336727e+01 -3.114157022470791514e+00 7.120513277364350024e+00 -7.472705674303879775e+00 -5.686804419223440377e+00 -2.381736185426708019e+01 -1.758400590512230366e+01 -1.295290207905805246e+01 -2.241965344668071936e+01 -1.220378318526378791e+01 -1.174672769065484701e+01
1.433223873826909944e+01 2.663833398869735802e+01 -2.849762383843399149e+01 2.531768009526883745e+00 2.497380882827564541e-01 -1.453047653600998501e+01 7.120701173900348735e+00 -2.471600590848169077e+01 -3.215901872920737503e+01 -1.944946440195793613e+01 -2.405689022080535366e+01 -7.661746352187225995e+00 -1.358981139557369566e+01
1.367117040902227920e+01 2.965660771113769201e+01 -2.323122420312018832e+01 -3.762499697782889729e+00 1.263846672657249037e+01 -9.495721092239177707e+00 1.040740535380895726e-01 -1.623318210112999438e+01 -2.855330910300322245e+01 -2.840950319351585307e+01 -2.684229891147780478e+01 -1.647898771132852147e+01 -5.034298229113610468e+00
1.322495861631371561e+01 3.077902646013254540e+01 -2.676648599189429234e+01 2.533132064396102501e-01 1.906768675753946596e+01 -1.536371642342714239e+01 -2.689106826590526023e-01 -1.749061670375518318e+01 -2.017482656296752452e+01 -3.411305182004797842e+01 -4.325301344251504077e+01 -5.264159297452026820e+00 5.911104711181943472e+00
1.702764637658593472e+01 2.918334605971848461e+01 -3.364370246736741166e+01 7.838784871551182754e+00 8.836745781621196949e-01 -1.703458020999299549e+01 -9.032274521986392912e+00 -1.344153294452227954e+01 -5.021325988453680722e+00 -1.825330617905303043e+01 -2.748946752861371579e+00 1.902321472236770106e+01 3.070832230711714850e+00
1.664762672056528459e+01 2.918423267721842507e+01 -2.396301437459672812e+01 -8.007327766826780602e-01 6.068081900147207719e+00 -2.451987118986377823e+01 -2.380828588432546766e+01 -1.973441675625146985e+01 -1.880187439235601232e+01 -1.936026922094221803e+01 -1.182466027619878801e+01 4.533312501860007893e-01 -2.564845747775795104e+00
1.608458851508454046e+01 3.037649879878844672e+01 -1.815135362191928792e+01 -8.058634371841826294e+00 5.691367261465155813e+00 -1.917605142290368647e+01 -2.702574409395918664e+01 -1.916447448647544149e+01 -1.421437067465203263e+01 -1.115060187893390342e+01 -1.043077760129993692e+01 -1.235794841576018754e+01 -8.303798208606400166e+00
1.556525801093178529e+01 3.998063251343383229e+01 -1.390128363379547238e+01 -4.007551901077412104e+00 1.788589280079332822e+00 -1.630841961746125435e+01 -1.075134026946054000e+01 -1.498859602447551609e+01 -9.133569359212119210e+00 -3.496181172286304761e+00 -9.599750301103401995e+00 -9.624849860090071374e+00 -9.438397515661577586e+00
1.515423513623431262e+01 3.374677391960330652e+01 -7.414869433912516072e+00 -5.711642259584515990e+00 4.528765706542808189e+00 -1.561776551166667026e+01 -2.248985372999823795e+01 -1.373322055831772026e+01 -7.318264085896756477e+00 -7.115016098650930765e+00 -1.077580730526790909e+01 -1.600952549962604365e+01 -1.057388633180929460e+01
1.476816989112045597e+01 3.956987910320916768e+01 -1.066543298184208943e+01 -3.503580888700292384e+00 7.455774225219470530e+00 -2.393932577065122302e+01 -2.949767068618588084e+01 -1.843011619383937827e+01 -8.183313512380502530e+00 -7.050308031385019270e+00 -1.972620751497434810e+01 -1.920156719252779709e+01 -1.171426172462320281e+01
1.440837573058096943e+01 4.596596964286471376e+01 -1.031036682963631534e+01 -6.724299904756311008e+00 1.232960998527341623e+01 -3.306362498891048318e+01 -2.806328945865572422e+01 -1.774626167857527648e+01 -9.777442973609266730e+00 -1.052871691280525646e+01 -2.419571983324762243e+01 -1.637748304249684850e+01 -1.245682287103712582e+01
1.405997433241002526e+01 3.789967434580113803e+01 2.749178272911724452e+00 -6.833319182417738058e-02 3.811941955974497809e+00 -2.277936696295476082e+01 -2.204945757808800266e+01 -4.178449142243134240e+00 -4.082947008901165020e+00 -1.573934457807790288e+01 -1.358101062408561432e+01 -8.152670962651146880e+00 -2.316172272750692152e+00
1.373669797439720952e+01 3.732236785196361950e+01 4.434906887422536137e+00 1.407203117474118192e+00 7.375495413970541314e+00 -2.157880450516903537e+01 -2.746046614511939410e+01 -8.219172569624973335e+00 1.317043450483766476e+00 -6.353877006364725410e+00 -6.617178432394225318e+00 -1.416151235602679215e+01 -1.244286071103484304e+01
1.878611486114781215e+01 2.494785734107678721e+01 -5.460994361383571061e+01 1.129324347998927003e+01 -1.087435187090406430e+01 1.673057905454925942e+00 -8.677527261803545500e+00 -2.427131885552704560e+01 -3.133611237501810365e+00 -1.396553088132451670e+01 3.740970291645853152e+00 1.655443903987265131e+01 1.403323851832551838e+01
1.788933792549652324e+01 1.765647791434203739e+01 -4.124770067579357402e+01 -1.509899882267748161e+01 7.101601479441359110e+00 -7.052589623676917829e-02 -1.026567511072707894e+01 -1.624474782214751656e+01 -5.063881273282310858e+00 -1.771449776760551842e+01 -9.582781776284974740e+00 1.708198884233257075e+01 1.588260374014936360e+01
1.643711007274202629e+01 1.936214826716316040e+01 -3.737184838232784756e+01 -1.667744235472004632e+01 -6.118559866199507979e+00 -9.164690876230999095e+00 -5.348904137713239137e+00 -2.005714267373768322e+01 -1.283775071867531992e+01 -1.747686726178066152e+01 -1.660442347716661970e+01 1.576409973520488705e+01 2.018706265930784127e+01
1.569282755204851831e+01 2.379937741693803943e+01 -4.074042969520539259e+01 -1.182742313538207135e+01 -4.509479987626898723e-01 -1.976214216745970376e+01 -1.866853344314905172e+01 -1.453641209016797475e+01 -3.872344394061597583e+00 -2.704567657154532156e+01 -1.587371386696858444e+01 2.155653069406190525e+01 1.064853551808222143e+01
1.536603979440290146e+01 1.991336247381423163e+01 -3.668125326281265330e+01 -1.886386811802685060e+01 4.177304369120842686e+00 -1.314286094936246663e+01 -3.116207344456931594e+01 -2.557040968401468106e+01 3.203566313257274478e-01 -1.067040445873609045e+01 -1.395355703512715273e+01 1.796264828835932192e+01 1.488518972195191559e+01
1.475189326022051972e+01 2.511119439182110469e+01 -3.310296776529741436e+01 -2.396293617795337738e+01 6.319660289465877767e+00 -7.349490588223988929e+00 -3.301723619700585033e+01 -3.506223650062926822e+01 -6.703845796563132176e+00 -9.816553138870365292e-01 -9.934766592691374854e+00 6.401834720375095600e+00 1.713408706022553574e+01
1.423473131928732904e+01 3.104024167824250569e+01 -3.872640308615676474e+01 -2.738614952334000918e+01 5.808234910761639114e+00 -2.013297738110088986e+01 -2.216096737503310266e+01 -3.106903940606596493e+01 -1.982296483471543880e+01 -9.983954888025140306e+00 -9.042395160068200655e-01 1.278273408376640674e+01 1.099171807131747336e+01
1.395893237437619838e+01 3.047705805707678905e+01 -3.640194020741074610e+01 -2.786991030768676225e+01 8.005485399008861691e+00 -1.513031864970862905e+01 -2.349231585176137571e+01 -2.258646600355998757e+01 -1.294942020446340258e+01 -1.616952482691156945e+01 -1.358859086425974105e+01 1.574401034124211307e+01 2.134185178350168854e+01
1.331167638652346241e+01 2.736277182416541365e+01 -2.510228839672278411e+01 -2.546679438106161086e+01 8.870256947472786591e-01 -1.969767907344490254e+01 -2.106955263732227124e+01 -1.145982781086061664e+01 -1.544953838786558364e+01 -2.394724490998207855e+01 -5.435932737667448222e+00 1.279409352588548465e+01 2.125943570401770444e+01
1.799205948451854908e+01 4.092397942918042020e+01 -3.509284275075757620e+01 -1.664101238981756126e+01 -2.744347356005187866e+00 -2.319791668368415571e+01 1.105082807112517784e+01 1.017926899046193512e+01 -9.537247381564290194e+00 1.462908379143884829e+00 -5.646264125729627104e+00 -5.230987616891873415e+00 7.709060089844838259e+00
1.760786583939932370e+01 3.354939185114032796e+01 -2.680466725766137515e+01 -2.957521362279410937e+01 -6.120064335758360841e+00 -1.267141777911766809e+01 -1.088084766799124381e+01 2.027590275789673546e-01 -2.685221164151577966e+00 -1.394320071906577851e+01 -1.932730304294894452e+01 -6.809577600700013278e+00 6.070239793585639809e+00
1.697951668444738971e+01 3.930037671607126981e+01 -2.529653513435533085e+01 -3.186193056352617248e+01 -9.786235439255145607e+00 -1.354614385162155621e+01 -1.111178880271255132e+01 -3.325652047558099067e+00 -8.723801883151109493e+00 -1.770499766414993204e+01 -1.785542402360547953e+01 -4.840004095086828606e+00 6.500995847253375537e+00
1.908952752568272260e+01 2.648592886993278839e+01 -3.911605729909759788e+01 -7.611731426364778841e+00 -1.522570405844568064e+01 -1.826673427070435096e+01 1.801630417461577593e+01 1.946821607993272973e+00 -4.074469830612990506e+00 5.704429837638415712e+00 -6.244068156913562540e+00 4.160352333587733931e+00 2.467004264348259035e+00
1.861270342448946735e+01 2.837053006537447430e+01 -3.756610720396653846e+01 -1.931159874962700940e+01 -8.943380887992962158e+00 -1.938367070411597126e+01 -1.726908910547740650e+00 -3.024333113194225486e+00 -8.690589608019864132e-01 -7.174348454668676212e+00 -1.189109424863032416e+01 1.408439058490495555e+01 3.639993004263516685e+00
1.794102557614250060e+01 2.681182382584157153e+01 -3.001341221262739722e+01 -2.803039954157929614e+01 -1.351243855957161877e+01 -1.698656950870991622e+01 -7.620853806528727681e+00 -4.492276019926040753e+00 -7.656264789399081394e+00 -1.041348939346516822e+01 -5.049434305132368905e+00 8.816880774295977830e+00 1.437603012942170855e+00
1.869434467727800708e+01 2.612238526198442656e+01 -4.786233079526708423e+01 -4.861159126300812261e+00 -1.129793614432987425e+01 -9.708303773202862530e+00 -8.321242132531959657e-01 -2.015576368109205418e+01 -1.494121509627223787e+00 -5.164942277720554920e+00 -7.366842653646525463e+00 5.517671329887726017e+00 6.530972535097480325e+00
1.785098288078397388e+01 2.313899422563065755e+01 -3.544981248611475877e+01 -2.090035158234265822e+01 2.117951657741732330e+00 1.650334749301183956e+00 -8.262065721148191599e+00 -1.820588257003535659e+01 6.076720095889108775e-01 -3.841974320435639800e+00 -1.572444783401365775e+01 5.040607360065142650e+00 1.137988720367473228e+01
1.642802703076876014e+01 2.987723293774696032e+01 -3.845192937703234293e+01 -1.614447295586570519e+01 -1.058864027541121899e+01 -1.570738265049297233e+01 2.216088929351526904e+00 -1.998168772437793095e+01 -1.284019992338225613e+01 5.594932932755305455e-01 -1.574850237893128480e+01 2.056317519791200255e+00 1.559715187148823290e+01
1.878998980954486342e+01 2.458115849947709819e+01 -5.344383358543557705e+01 1.050287307422414429e+01 -9.605836962849314986e+00 5.672341369981365178e-01 -8.936943528487022448e+00 -2.578347551459681242e+01 -4.288666672222290366e+00 -1.527436149215988515e+01 2.629114839780684942e+00 1.740517905201524229e+01 1.455026994695864850e+01
1.790574521756986215e+01 1.822588433963189658e+01 -4.170739489213748641e+01 -1.500518330152623392e+01 6.099752626457384252e+00 -1.696296272959490592e+00 -1.200954576504898519e+01 -1.809422990649414587e+01 -6.075488907430310448e+00 -1.779480207041383721e+01 -8.750501717133223778e+00 1.888828709231201231e+01 1.741474134071726354e+01
1.645435521712931859e+01 1.918733686800514704e+01 -3.695327993600483296e+01 -1.685460381413315645e+01 -6.098098768347085752e+00 -9.397736260128386476e+00 -5.776465514602374896e+00 -2.013103615359811016e+01 -1.221012814291482584e+01 -1.623240789880264501e+01 -1.489280492197003802e+01 1.769924095104780548e+01 2.197098630514289042e+01
1.570522397346032761e+01 2.424281464941449116e+01 -4.041939415310150707e+01 -1.126621947649582545e+01 2.939526074921620102e-01 -1.943939964782394370e+01 -1.772191379639089703e+01 -1.471784594571944815e+01 -2.785142743086031825e+00 -2.700833950086762414e+01 -1.501662603667442752e+01 2.204199828950453366e+01 1.101355088961005357e+01
1.537022348765367141e+01 2.020401889363552428e+01 -3.649776619237688635e+01 -1.860928039309802884e+01 4.499074140634382601e+00 -1.305241343078185601e+01 -3.090412463411611910e+01 -2.568828193417850159e+01 5.659976029407858267e-01 -1.083436284665076776e+01 -1.388400467776394720e+01 1.793936708952188042e+01 1.474857187499753941e+01
1.475363771134221302e+01 2.518023868405240151e+01 -3.317652891323167097e+01 -2.380482076139687919e+01 6.159338708966880738e+00 -7.397013965727562201e+00 -3.287193303876143347e+01 -3.545446567483678990e+01 -6.574713660657684144e+00 -1.324082168336433440e+00 -1.001267541632469715e+01 6.262171906575360936e+00 1.704391596290832211e+01
1.423534292750916208e+01 3.113688931366528223e+01 -3.878987201560896381e+01 -2.754496642376252424e+01 6.139614302455197681e+00 -2.086726648632466308e+01 -2.129100762167852423e+01 -3.198626422695237181e+01 -1.928267837958285114e+01 -9.899196580973407933e+00 -1.521815426352805423e+00 1.378832827516374593e+01 1.005359320846360838e+01
1.395919679912953804e+01 3.058382015334600368e+01 -3.675083877703814750e+01 -2.717203568448196549e+01 7.002747616852723844e+00 -1.419203109803714824e+01 -2.394037214754098386e+01 -2.288358434686493936e+01 -1.195551381397778634e+01 -1.733870374445908880e+01 -1.262670278849767236e+01 1.543053780087408455e+01 2.112804438187810518e+01
1.331157300076706385e+01 2.728932876564501342e+01 -2.504125105546737373e+01 -2.548341711570590817e+01 7.821621711953624656e-01 -1.952147343725812334e+01 -2.133576524873391733e+01 -1.122758070605688729e+01 -1.562507624997986966e+01 -2.389224043417594245e+01 -5.331269592163645932e+00 1.247189517384584434e+01 2.179082656866700063e+01
1.775962238674945937e+01 3.875772187250387191e+01 -5.751272461391443613e+01 4.642501471007478564e+00 -2.314387653212318874e+00 -7.257965403896823986e+00 -2.714667690041784986e+00 -2.810433279590101563e+01 -3.012265230374156388e+00 -1.349603970901937799e+01 2.824086717907827282e+00 2.031729130410580098e+01 1.426630072452030262e+01
1.686240908427048879e+01 2.317163237812678034e+01 -3.769808162619002445e+01 -2.495879712358745550e+01 7.951702162711833388e+00 -3.132922199069127167e+00 -1.623202659721448526e+01 -1.292157784546047239e+01 -8.004569190286845881e+00 -1.433523288467696055e+01 -3.844747420988903208e+00 1.849323226949636023e+01 2.237114693869963489e+01
1.555339095065054877e+01 2.647020711862045772e+01 -3.485373325179370596e+01 -2.531650553823444483e+01 -4.579510225105647869e+00 -1.118858171576189342e+01 -1.021169807554505304e+01 -1.716865511756966356e+01 -1.609145646388083861e+01 -1.560159239742434067e+01 -1.175564547532727211e+01 1.449785271295484890e+01 2.528988420494789224e+01
1.828969603578340397e+01 1.861266842538855926e+01 -4.958043321685858729e+01 2.383486765585908529e+01 -2.103762045061213826e+01 -1.688659139543653609e+01 -5.807780303285334789e+00 -3.497874107980885050e+00 9.757450002410058332e+00 -1.080844499686428684e+01 -7.610626162544578577e+00 -5.014915389394820622e+00 3.603398299465945254e+00
1.766066296078087561e+01 1.864990192446727235e+01 -3.692057300876683712e+01 -1.098145309111890633e+01 -6.037892460136960793e+00 -3.376677224725685278e+01 -1.900377718324372722e+01 4.830226130714244448e+00 1.685595622897956147e+01 6.759806889093183280e+00 -1.537087982157606270e+01 -6.468113331351281303e+00 2.640189615205774487e+01
1.685197529954700713e+01 2.081336379352492472e+01 -4.181667644748812052e+01 -1.402581224667818738e+01 -7.597446363483593146e+00 -2.827524370972485812e+01 -1.111589052376277742e+01 -7.072192095490446029e+00 9.565365361762026453e+00 2.016677219373809393e+01 -1.832945815469168238e+01 -2.154313481555637111e+01 2.147868364232208549e+01
1.878242804402527355e+01 1.540209889590222936e+01 -5.119217918533570355e+01 -8.645384031468541508e-01 -1.592495649322957441e+01 -1.706533084470617467e+01 8.985939731805585140e+00 -1.644537006217647246e+01 2.428085783899995853e+00 1.497987995569323338e+01 -5.283752026190107642e+00 2.860574232655086480e+00 1.302569022640580521e+01
1.739584269954627516e+01 2.903822219635355140e+01 -5.454611878833106431e+01 3.868576319042845046e+00 -1.516069185227195071e+01 -1.442624086293124641e+01 1.449619522431920515e+01 -1.025594916408476998e+01 -6.200975352858601575e+00 5.875532373907364381e+00 9.246375658529681019e+00 2.360269214144288696e+00 1.143006427575579309e+01
1.645176721927353825e+01 1.327231134217827524e+01 -3.820253877621084371e+01 -1.819559405148026698e+01 -1.385570400017962811e+01 -1.155767701102110934e+01 8.951044621619805852e+00 -1.726347200574357288e+01 -4.140310690721872966e+00 2.500275126678806359e+01 -1.799641113975707585e+00 -6.922228381338781933e-01 2.261867252538633366e+01
1.922127386702460328e+01 2.083066730367505670e+01 -3.320369004706935812e+01 -4.046378622643109324e+00 -3.317753416523500931e+01 -3.449848340702904181e+01 4.746588141461563382e+00 5.529061592404863390e+00 8.484420420994819523e+00 7.045904483472732238e+00 2.243876586324791589e+01 1.567629110475845522e+01 -1.330522708955167666e+01
1.839162466977731469e+01 1.984032504040070677e+01 -1.780858414791566346e+01 -1.992629676142649231e+01 -2.025201866601911860e+01 -2.765211011698354682e+01 -1.115971392463218592e+01 4.610440863490554264e+00 1.251995644207415559e+01 2.098310524995700632e+01 2.112967584670534649e+01 9.802237287666279997e+00 -3.375878950032663361e+00
1.748808967149349414e+01 2.729212910733319575e+01 -1.235378220332104782e+01 -1.749679227375678181e+01 -1.962836590906849210e+01 -2.637127195111765587e+01 -7.458226993415451922e+00 9.984128878785854866e+00 4.824802540303090304e+00 5.593391917122930934e+00 2.735831126309091843e+01 2.254098097392299493e+01 -1.060926475061323337e+01
1.633288157652714645e+01 2.277338253733707774e+01 -2.116852138770232727e+01 -1.854851084583448895e+01 -1.812513954400099792e+01 -3.489989988509435648e+01 -6.602248992508563674e+00 1.904947786559488065e+01 3.948633749442001850e+00 1.987554223732096004e+00 2.580621984027580851e+01 2.379359064926885736e+01 -5.105446051224206805e+00
1.503629445739513137e+01 2.475247592042164868e+01 -1.584307342173227617e+01 -1.413198415434261257e+01 -2.407251485640034616e+01 -3.670928980403903097e+01 1.960999469984013421e+00 8.027172600655591239e+00 -3.766788943982902205e-01 1.904477034436254712e+01 2.807190498891145936e+01 8.995200593738360340e+00 -1.179213532167256062e+01
1.409257612980916363e+01 2.545985661675402767e+01 -1.823382229213732941e+01 -2.427479850424962038e+01 -2.112642514254041615e+01 -2.866970210331009028e+01 3.433896120614729597e+00 6.261355001483905447e+00 -1.789988152757645778e+00 1.531929897486511472e+01 2.340483861791794595e+01 1.081338605771198758e+01 -3.087651103715194356e+00
1.322734648267728375e+01 2.166313503147286212e+01 -1.811781329154630882e+01 -2.668748998644151982e+01 -1.281667893517670720e+01 -2.068557079583654001e+01 -6.449603642268141535e+00 -3.040479029838572544e-01 9.071005713552449112e-01 1.167444139855805929e+01 2.801719351703255612e+01 1.768795196201338626e+01 -6.675537716617100159e+00
1.251920509630856237e+01 1.921894973522182681e+01 -1.348488716233491225e+01 -2.731823706853895928e+01 -1.941678043596769854e+01 -2.369197227657047122e+01 -2.580317392721775516e+00 1.700845512329490106e+00 -4.250765175003694551e+00 2.025785042655580881e+01 3.333916549240120730e+01 4.325782937719892196e+00 -1.209694684493665839e+01
1.235137326719141804e+01 2.083834561553108600e+01 -9.550317781474088719e+00 -2.480514693477715937e+01 -1.697534747858334114e+01 -2.778542665927518129e+01 -1.399339169167319319e-01 -5.755731134412829242e-01 -3.944317309106148084e+00 2.611119859236803720e+01 2.883929899975061062e+01 2.604473041742202954e-02 -6.090851311113005373e+00
1.230768491356723082e+01 2.113976496195906662e+01 -8.574149037901960924e+00 -3.771051634170868994e+01 -2.868491672619760280e+01 -2.698854184242105703e+01 7.708280044486357063e+00 7.704885583534739624e+00 -5.324887018933212701e+00 1.361497028365413442e+01 2.539096979369392315e+01 7.060763571117762538e+00 4.076827435119430909e+00
1.041488361821272690e+01 1.886532758273030197e+01 1.734229124226087881e+00 -3.728509407253153540e+01 -2.348214633632959547e+01 -1.615773577091748692e+01 -4.387647808720629428e+00 4.624714473698657180e+00 7.563784994516754345e+00 1.114292647873646658e+01 1.480591417831838541e+01 1.322879459576318695e+01 8.169464116237071138e+00
8.173474784895688572e+00 5.293949930880881283e+00 2.898494756553147145e+00 -3.717179699926573022e+01 -2.553667207490862623e+01 -1.532963623785939866e+01 -1.104901088226504413e+01 -3.442816980227354051e+00 6.992754871481810852e+00 2.203471580434379362e+01 2.285496462476108448e+01 7.784598131303945401e+00 -2.760224308118411241e+00
5.958340218884735862e+00 -4.561734636741130444e+00 7.505477615677686565e+00 -2.491061363423651187e+01 -1.557383413887050416e+01 -1.307986674053529796e+01 -1.658776117505821190e+01 -8.445868232020149691e+00 1.531214149972395688e+01 2.913446766245036201e+01 2.129364128703960191e+01 6.875254701317489392e+00 -8.273455711251342493e+00
4.999774561627494229e+00 -1.504789106597676174e+01 1.015117746811362487e+01 -1.876780401956331801e+01 -2.198954845812207282e+01 -1.843937255932518227e+01 -9.033856642629205069e+00 -5.831745015994140857e+00 1.483499449186407126e+01 2.639969836840972661e+01 2.799105952464331892e+01 9.114841004512717504e+00 -9.661939343282119452e+00
4.570419252812736310e+00 -2.175265155857094967e+01 2.044072101622050663e+00 -1.263275376587938936e+01 -2.585705836397717761e+01 -1.597151069845511451e+01 -1.359091563711934469e+01 1.892908753905519825e+00 2.055421532234571202e+01 2.434288431865766711e+01 2.894010419530578915e+01 6.281353764877000145e+00 -2.441550260207194789e+00
4.074485194540705457e+00 -2.501751906970610762e+01 -4.991819495003834817e+00 -5.780840765436215278e+00 -1.092539689140944681e+01 -2.159159766149807425e+01 -1.191566024973500504e+01 7.514247925307398823e+00 1.987552246880250806e+01 2.911746136727441225e+01 3.662104156170546077e+01 7.719397491629599095e+00 -1.100078321595259112e+01
3.004130863372705740e+00 -2.430931474843782780e+01 -1.186478748987063847e+00 -3.423026338118984047e+00 -9.365673943834984527e+00 -1.195782641370296773e+01 -8.825442524171808856e+00 -6.302598817492700789e+00 1.671750864464684838e+01 4.398285944381889578e+01 4.316212152750896536e+01 7.179238895853361058e+00 -2.439588674385635869e+01
3.028869705473359097e+00 -2.345503722325648965e+01 -3.678261434859990242e+00 -3.334267984422759845e+00 -5.943317587216576214e+00 -1.148217814959706295e+01 -1.058568179458684888e+01 -6.591566197349886913e+00 1.441104769022195953e+01 3.782198963418685622e+01 3.890737493292136406e+01 9.329879714580640027e+00 -1.857943569100928727e+01
1.879698770032610255e+01 3.952106081622381595e+01 -4.906116018868713979e+01 4.227186193901942168e+00 -1.992315377843135948e+01 -1.270227364861633568e+01 8.022824187398732931e+00 1.085959989920432989e+01 -8.617719462575625045e+00 -5.147016596606344141e-01 -3.068803259639247383e+00 -9.675912617504369706e+00 1.029377249660511318e+01
1.840967474769787060e+01 3.660340119721949037e+01 -3.988983822074146701e+01 -1.895142028362574749e+01 -4.937375917237041278e+00 -2.123160213509969196e+01 -1.431561806753904209e+00 -1.653052300341358638e+00 -6.452436831425101715e+00 -7.354057554758917092e+00 -2.226100992631594622e+01 -8.732877002098991426e+00 8.416118571433692352e+00
1.775488611871996270e+01 3.737857428100745949e+01 -3.270742570450627795e+01 -2.569004470149761588e+01 -7.767018758555159330e+00 -1.997066953401267142e+01 -7.119869511946987473e+00 -2.795470135069946238e+00 -1.241569536288196041e+01 -1.479002828377125311e+01 -1.789393499631755091e+01 -7.706409764686064534e+00 8.145475041995084098e+00
1.843668973785399601e+01 3.433273566019844480e+01 -3.490254029065955166e+01 -1.212623512536080916e+01 -5.725751674305430861e+00 -2.434282926965735783e+01 9.726789186220393901e+00 7.435653688101154124e+00 -6.839786791595333426e+00 5.551593341152025296e+00 -5.342641597444708346e+00 -1.155511342789085916e+01 3.338708820401897093e+00
1.794592207643630388e+01 3.864865405832085088e+01 -3.705175243085722059e+01 -2.293150635426796313e+01 -3.386459089426936409e+00 -2.032179989352018623e+01 -2.640841377223300146e+00 -6.310975030020894438e-01 -6.694705965275172588e+00 -7.459112762626070037e+00 -2.330576963161260551e+01 -1.347314678620186967e+01 6.730546573193358917e+00
1.729073491313991795e+01 4.304697041685991366e+01 -3.460233079636811482e+01 -2.615241922198679703e+01 -5.816596312708629313e+00 -2.014142921375497508e+01 -5.680620391656666435e+00 -1.191619001353330543e+00 -1.364071560718620546e+01 -1.538299427944422071e+01 -1.848771382594758350e+01 -8.959383159024806531e+00 7.220943642600921919e+00
1.861184347706923958e+01 3.425645910681891593e+01 -4.058205689323090581e+01 -5.380973790386788913e+00 -1.087067932249557067e+01 -2.136237669398176564e+01 1.334781282830060256e+01 7.663991103378432257e+00 -5.164629065515449646e+00 3.580267741625216882e+00 -5.223132170631083149e+00 -1.098233100178933341e+01 7.944382338879052874e+00
1.820746615917143529e+01 3.924331600343728610e+01 -4.218275793862672174e+01 -1.790727598307541868e+01 -5.117770484134279485e+00 -2.177899690797095289e+01 1.608141816069449836e+00 -1.636848542011922314e+00 -7.284043598272720743e+00 -6.035955803880377779e+00 -2.527390304981918234e+01 -1.125001002810546602e+01 8.833435282897678320e+00
1.756223905591729917e+01 3.838602634272837122e+01 -3.341033970567167444e+01 -2.547138928173119510e+01 -7.105431827538982503e+00 -1.967198018689448702e+01 -5.718941806170099618e+00 -2.052584280456390964e+00 -1.299759770675264292e+01 -1.552908415891799265e+01 -1.869155409009568913e+01 -8.537194079869081520e+00 8.065096541526079577e+00
1.811052011627586822e+01 3.391035520000740178e+01 -2.747828755251930843e+01 -1.940747773146487276e+01 -5.419366669682286641e+00 -1.965876677053522670e+01 2.808218891439209663e+00 9.619674452147526367e+00 -5.517621114938419780e+00 1.584312864649163544e+00 -1.890009872748157571e+00 -1.064558746406942191e+01 -5.633031168047835519e-02
1.755952386881345362e+01 3.681001038102592560e+01 -2.819119698379429906e+01 -2.891100474332991865e+01 -4.804874815097432084e+00 -1.400626379551898637e+01 -1.021528715894823769e+01 3.512660775011789416e-01 -2.671835309615051557e+00 -1.123649267452722711e+01 -2.060077916529800746e+01 -1.276754912500355488e+01 3.245968621406305044e+00
1.690226898026210733e+01 4.241807999761739012e+01 -2.740881611117447392e+01 -3.074812412459224475e+01 -7.900122011646513620e+00 -1.505680078986515724e+01 -9.369429186453006153e+00 -1.387468392803493877e+00 -1.055087086899008320e+01 -1.741857156889926728e+01 -1.757235266410309293e+01 -7.461393524913631836e+00 5.253329180098765150e+00
1.866143393097403802e+01 2.310291288958691780e+01 -4.714069645825441768e+01 2.133351725758949158e+01 -2.509736326360310343e+01 -4.388181856976257400e+00 -7.508786523725110573e-01 -7.227024155949978379e+00 -9.352419643977105679e+00 -4.845559479204908371e+00 -8.130405008310878756e+00 -1.060113015660782843e+01 6.965800312692035590e+00
1.763366526871229212e+01 3.728114715399558321e+01 -4.852991882425215664e+01 2.202011267539894135e+01 -2.788516577399137830e+01 -8.635774520847709468e+00 4.175728950888466073e+00 -2.779737052970530442e+01 -1.061775781331060564e+01 -1.269255823886248180e+01 -1.105783236970179928e+01 -8.373554692732541938e+00 1.259960199170194306e+00
1.676895316238618250e+01 3.533351067764768771e+01 -3.684729420377951215e+01 9.008453830202698853e+00 -1.886986163136332095e+01 -2.113922104803033264e+01 9.582276229166520665e+00 -2.061291090709162788e+01 -1.615085340885002552e+01 -1.809912905647133030e+01 -8.427582036032182700e+00 -1.227428594600843859e+00 -5.922657490543638659e+00
1.922281191583639881e+01 1.186796993225526187e+01 -3.901045949440031535e+01 1.422003176411807601e+01 -2.176824034867117419e+01 -1.060802334856223439e+01 -9.068757197447837370e+00 -5.905781142142771500e+00 6.952715472727208024e+00 -1.667212731801340553e+01 -2.394967567169230094e+00 -6.819242602437362244e+00 -1.070162360617433350e+01
1.833641814188028007e+01 2.237333426228330424e+01 -3.440381438505391287e+01 -3.484673028875935330e+00 -3.805437223163061766e+00 -2.325624000022711968e+01 -6.461014413080592433e+00 -6.278815439178006663e+00 -7.413300142740370191e+00 -8.556284588118014511e+00 -8.937557649915088831e+00 -5.628126840065093894e+00 -8.249833786748725473e+00
1.727958920511430918e+01 3.279433330680917180e+01 -3.739740168547137955e+01 5.454865776936467014e+00 -8.594166865166839031e+00 -1.202825815846321511e+01 -1.852858529566070445e+00 -2.420963394895099441e+01 1.863853698971150274e+00 2.241111254843465073e+00 -1.528061248246657655e+01 -6.742470979036296441e+00 -9.628945550313428470e+00
1.867377248371341381e+01 2.381760428192619727e+01 -4.649458487131679618e+01 2.330211032063752441e+01 -2.358220816908471562e+01 -3.179614107581577365e+00 -2.434568318592220226e+00 -9.494612324130606851e+00 -1.066126565416342409e+01 -4.646818873813517214e+00 -9.985236912803065579e+00 -1.401357563689675523e+01 3.068057659434860973e+00
1.761606958865769457e+01 3.324211115879955969e+01 -4.558037610849229537e+01 1.586537106644237127e+01 -2.364639969740003167e+01 -1.443375156430313133e+01 4.627980764218598608e+00 -3.059403497699715757e+01 -1.226973352327472355e+01 -1.469456901341619037e+01 -1.492282355976423425e+01 -6.967222872797849575e+00 -2.485283084226584116e-01
1.675798884423958057e+01 3.286755539031066320e+01 -3.353288856850738142e+01 6.328076588260802993e+00 -1.722276430927407631e+01 -2.163820524408674117e+01 9.092143334985344438e+00 -1.870226042524331689e+01 -1.915352551470849107e+01 -1.720816187877656489e+01 -9.251516108869516586e+00 -1.109837355829332184e+00 -6.129897316988894396e+00
1.843166751668689329e+01 3.743024626291420986e+01 -3.978791659504210543e+01 -4.241096928895330187e+00 -1.105695970158294195e+01 -2.198964901804319183e+01 1.426918992392785768e+01 1.543255355874479040e+00 -1.011464468813515971e+01 -3.237124864057034035e+00 -1.053112392174137391e+01 -6.156148781304358053e+00 4.180431695355066424e+00
1.801076516835583874e+01 3.325115906635309670e+01 -3.235659512540217975e+01 -2.405033384111377615e+01 -4.849524098735152222e+00 -1.778443087931352906e+01 -7.116442005289930428e+00 -2.672186004283176319e-01 -5.708438243737477436e+00 -1.209985243113797004e+01 -1.999449561577376144e+01 -7.564523542454415050e+00 6.019487662775408587e+00
1.736447434658056110e+01 4.000191108952598995e+01 -3.272823995183410517e+01 -2.695462196172503866e+01 -8.258915873596574642e+00 -1.962142122716805659e+01 -8.046267022453198692e+00 -3.486340651381042655e+00 -1.272132083692101467e+01 -1.463956925173010859e+01 -1.866624019461494299e+01 -7.571408869069767178e+00 9.225039670611380416e+00
-3.604365338911715355e+01 0.000000000000000000e+00 -3.207631722481915547e-14 0.000000000000000000e+00 2.392679895532167191e-13 0.000000000000000000e+00 -2.059301670267279590e-13 0.000000000000000000e+00 3.072791695244254868e-13 0.000000000000000000e+00 -3.277697551616779395e-13 0.000000000000000000e+00 3.594848034474519512e-13
